ant:
Result: [0.0, 0.0, 0.0, 0.0, 0.5] | Time: 5.930141925811768
Result: [0.0, 0.0, 0.0, 0.0, 0.5] | Time: 5.572426795959473
Result: [0.5, 0.5, 0.0, 1.0, 0.75] | Time: 1.360788106918335
Result: [0.0, 0.0, 0.0, 0.0, 0.5] | Time: 1.1855390071868896
Result: [0.4, 1.0, 0.6, 0.4, 0.7] | Time: 1.3363430500030518
Result: [0.0, 1.0, 1.0, 0.7142857142857143, 0.5] | Time: 5.8582329750061035
Result: [0.4, 1.0, 0.6, 0.4, 0.7] | Time: 1.2517549991607666
Result: [0.0, 1.0, 1.0, 0.2857142857142857, 0.5] | Time: 1.1697919368743896
Result: [0.0, 0.0, 0.0, 0.0, 0.5] | Time: 0.5522620677947998
Result: [0.4, 0.4, 0.0, 1.0, 0.7] | Time: 7.350500106811523
Result: [0.19999999999999996, 1.0, 0.8, 0.3333333333333333, 0.6] | Time: 1.175431728363037
Result: [0.0, 1.0, 1.0, 0.2857142857142857, 0.5] | Time: 0.7127189636230469
Result: [0.0, 1.0, 1.0, 0.2857142857142857, 0.5] | Time: 1.447464942932129
Result: [0.0, 0.0, 0.0, 0.0, 0.5] | Time: 1.1395158767700195
Result: [-0.09999999999999998, 0.5, 0.6, 0.25, 0.45000000000000007] | Time: 1.2703509330749512
Result: [0.0, 0.0, 0.0, 0.0, 0.5] | Time: 6.001442909240723
Result: [-0.19999999999999996, 0.8, 1.0, 0.6666666666666666, 0.4] | Time: 6.710977077484131
Result: [-0.5, 0.5, 1.0, 0.16666666666666666, 0.25] | Time: 1.4826180934906006
Result: [0.0, 1.0, 1.0, 0.7142857142857143, 0.5] | Time: 6.391002893447876
Result: [0.4, 0.4, 0.0, 1.0, 0.7] | Time: 6.091786861419678
Result: [0.0, 1.0, 1.0, 0.7142857142857143, 0.5] | Time: 6.489911079406738
Result: [0.0, 1.0, 1.0, 0.2857142857142857, 0.5] | Time: 1.4138338565826416
Result: [-0.19999999999999996, 0.8, 1.0, 0.6666666666666666, 0.4] | Time: 6.262531995773315
Result: [0.0, 0.0, 0.0, 0.0, 0.5] | Time: 1.3879239559173584
Result: [0.0, 0.0, 0.0, 0.0, 0.5] | Time: 1.412510871887207
Result: [0.0, 1.0, 1.0, 0.7142857142857143, 0.5] | Time: 6.362739086151123
Result: [0.0, 1.0, 1.0, 0.2857142857142857, 0.5] | Time: 1.0175080299377441
Result: [0.0, 1.0, 1.0, 0.7142857142857143, 0.5] | Time: 6.519101858139038
Result: [0.0, 1.0, 1.0, 0.7142857142857143, 0.5] | Time: 7.02862811088562
Result: [0.0, 1.0, 1.0, 0.7142857142857143, 0.5] | Time: 7.468453884124756
Result: [-0.09999999999999998, 0.5, 0.6, 0.25, 0.45000000000000007] | Time: 1.3049860000610352
Result: [0.0, 0.0, 0.0, 0.0, 0.5] | Time: 1.2538282871246338
Result: [0.0, 0.0, 0.0, 0.0, 0.5] | Time: 1.792931079864502
Result: [0.0, 1.0, 1.0, 0.7142857142857143, 0.5] | Time: 8.489633083343506
Result: [0.0, 0.0, 0.0, 0.0, 0.5] | Time: 1.517406940460205
Result: [0.0, 1.0, 1.0, 0.2857142857142857, 0.5] | Time: 0.9251992702484131
Result: [0.0, 1.0, 1.0, 0.7142857142857143, 0.5] | Time: 6.439962148666382
Result: [-0.30000000000000004, 0.5, 0.8, 0.2, 0.35] | Time: 1.188981056213379
Result: [0.0, 1.0, 1.0, 0.2857142857142857, 0.5] | Time: 0.9012439250946045
Result: [0.0, 1.0, 1.0, 0.2857142857142857, 0.5] | Time: 0.5407099723815918
Result: [0.0, 0.0, 0.0, 0.0, 0.5] | Time: 0.761693000793457
Result: [0.5, 0.5, 0.0, 1.0, 0.75] | Time: 1.2964749336242676
Result: [0.0, 1.0, 1.0, 0.2857142857142857, 0.5] | Time: 1.4140689373016357
Result: [0.0, 0.0, 0.0, 0.0, 0.5] | Time: 5.614570379257202
Result: [-0.5, 0.5, 1.0, 0.16666666666666666, 0.25] | Time: 0.7186360359191895
Result: [0.0, 0.0, 0.0, 0.0, 0.5] | Time: 0.545119047164917
Result: [0.3, 0.5, 0.2, 0.5, 0.6500000000000001] | Time: 1.3370399475097656
Result: [0.4, 1.0, 0.6, 0.4, 0.7] | Time: 1.668699026107788
Result: [0.0, 0.0, 0.0, 0.0, 0.5] | Time: 1.1950242519378662
Result: [0.0, 1.0, 1.0, 0.2857142857142857, 0.5] | Time: 1.275259017944336
Result: [0.19999999999999996, 1.0, 0.8, 0.3333333333333333, 0.6] | Time: 0.7139787673950195
Result: [-0.30000000000000004, 0.5, 0.8, 0.2, 0.35] | Time: 1.3390722274780273
Result: [0.19999999999999996, 1.0, 0.8, 0.3333333333333333, 0.6] | Time: 1.7528538703918457
Result: [0.19999999999999996, 1.0, 0.8, 0.3333333333333333, 0.6] | Time: 1.5819120407104492
Result: [0.0, 1.0, 1.0, 0.7142857142857143, 0.5] | Time: 6.424754858016968
Result: [0.0, 1.0, 1.0, 0.2857142857142857, 0.5] | Time: 1.357191801071167
Result: [0.19999999999999996, 1.0, 0.8, 0.3333333333333333, 0.6] | Time: 0.9940700531005859
Result: [0.2, 0.2, 0.0, 1.0, 0.6] | Time: 6.069591999053955
Result: [0.0, 1.0, 1.0, 0.2857142857142857, 0.5] | Time: 1.2982559204101562
Result: [0.0, 1.0, 1.0, 0.7142857142857143, 0.5] | Time: 6.385551691055298
Result: [0.0, 1.0, 1.0, 0.2857142857142857, 0.5] | Time: 1.1924588680267334
Result: [0.0, 1.0, 1.0, 0.7142857142857143, 0.5] | Time: 5.800952196121216
Result: [0.5, 0.5, 0.0, 1.0, 0.75] | Time: 1.3754940032958984
Result: [0.0, 1.0, 1.0, 0.2857142857142857, 0.5] | Time: 0.5896611213684082
Result: [-0.30000000000000004, 0.5, 0.8, 0.2, 0.35] | Time: 1.2151610851287842
Result: [0.0, 1.0, 1.0, 0.2857142857142857, 0.5] | Time: 1.369553804397583
Result: [0.0, 1.0, 1.0, 0.2857142857142857, 0.5] | Time: 0.5367717742919922
Result: [0.0, 1.0, 1.0, 0.7142857142857143, 0.5] | Time: 6.311338663101196
Result: [0.0, 1.0, 1.0, 0.2857142857142857, 0.5] | Time: 1.2835829257965088
Result: [0.0, 1.0, 1.0, 0.2857142857142857, 0.5] | Time: 0.6289548873901367
Result: [0.3, 0.5, 0.2, 0.5, 0.6500000000000001] | Time: 1.339691162109375
Result: [0.0, 1.0, 1.0, 0.2857142857142857, 0.5] | Time: 0.9862148761749268
Result: [0.0, 1.0, 1.0, 0.2857142857142857, 0.5] | Time: 0.9144382476806641
Result: [0.0, 0.0, 0.0, 0.0, 0.5] | Time: 1.4081649780273438
Result: [-0.30000000000000004, 0.5, 0.8, 0.2, 0.35] | Time: 1.3154048919677734
Result: [0.5, 1.0, 0.5, 0.8333333333333334, 0.75] | Time: 7.056090831756592
Result: [0.0, 1.0, 1.0, 0.7142857142857143, 0.5] | Time: 5.938588857650757
Result: [0.0, 1.0, 1.0, 0.7142857142857143, 0.5] | Time: 5.73897385597229
Result: [0.0, 1.0, 1.0, 0.7142857142857143, 0.5] | Time: 6.658015012741089
Result: [0.19999999999999996, 1.0, 0.8, 0.3333333333333333, 0.6] | Time: 0.8129358291625977
Result: [-0.5, 0.5, 1.0, 0.16666666666666666, 0.25] | Time: 1.3769419193267822
Result: [0.0, 1.0, 1.0, 0.2857142857142857, 0.5] | Time: 0.6857311725616455
Result: [0.5, 0.5, 0.0, 1.0, 0.75] | Time: 1.143934965133667
Result: [-0.2, 0.0, 0.2, 0.0, 0.4] | Time: 1.3652851581573486
Result: [0.0, 1.0, 1.0, 0.7142857142857143, 0.5] | Time: 5.961986064910889
Result: [0.6, 1.0, 0.4, 0.5, 0.8] | Time: 0.7543861865997314
Result: [0.0, 1.0, 1.0, 0.2857142857142857, 0.5] | Time: 1.4133267402648926
Result: [-0.5, 0.5, 1.0, 0.16666666666666666, 0.25] | Time: 1.4143657684326172
Result: [0.0, 1.0, 1.0, 0.7142857142857143, 0.5] | Time: 6.431151866912842
Result: [0.0, 1.0, 1.0, 0.2857142857142857, 0.5] | Time: 1.3419690132141113
Result: [0.19999999999999996, 1.0, 0.8, 0.3333333333333333, 0.6] | Time: 1.3621749877929688
Result: [0.0, 0.0, 0.0, 0.0, 0.5] | Time: 1.2045810222625732
Result: [-0.5, 0.5, 1.0, 0.16666666666666666, 0.25] | Time: 1.5946588516235352
Result: [-0.5, 0.5, 1.0, 0.16666666666666666, 0.25] | Time: 1.513423204421997
Result: [-0.5, 0.5, 1.0, 0.16666666666666666, 0.25] | Time: 1.443289041519165
Result: [0.0, 1.0, 1.0, 0.2857142857142857, 0.5] | Time: 0.6377878189086914
Result: [0.0, 1.0, 1.0, 0.2857142857142857, 0.5] | Time: 0.7489290237426758
Result: [0.0, 0.0, 0.0, 0.0, 0.5] | Time: 6.836010932922363
Result: [-0.19999999999999996, 0.8, 1.0, 0.6666666666666666, 0.4] | Time: 3.6778407096862793
Result: [0.0, 1.0, 1.0, 0.2857142857142857, 0.5] | Time: 1.2847118377685547
Result: [0.0, 1.0, 1.0, 0.2857142857142857, 0.5] | Time: 0.5622439384460449
Result: [0.4, 1.0, 0.6, 0.4, 0.7] | Time: 1.2768981456756592
Result: [-0.5, 0.5, 1.0, 0.16666666666666666, 0.25] | Time: 1.283524990081787
Result: [0.0, 0.0, 0.0, 0.0, 0.5] | Time: 0.8147609233856201
Result: [0.0, 0.0, 0.0, 0.0, 0.5] | Time: 1.4098591804504395
Result: [0.0, 0.0, 0.0, 0.0, 0.5] | Time: 0.6740579605102539
Result: [0.0, 1.0, 1.0, 0.2857142857142857, 0.5] | Time: 0.9105122089385986
Result: [0.09999999999999998, 0.5, 0.4, 0.3333333333333333, 0.5499999999999999] | Time: 1.2029640674591064
Result: [0.0, 0.0, 0.0, 0.0, 0.5] | Time: 1.4656519889831543
Result: [0.0, 1.0, 1.0, 0.2857142857142857, 0.5] | Time: 1.228747844696045
Result: [0.0, 1.0, 1.0, 0.2857142857142857, 0.5] | Time: 0.5095400810241699
Result: [-0.5, 0.5, 1.0, 0.16666666666666666, 0.25] | Time: 1.3290512561798096
Result: [0.0, 1.0, 1.0, 0.7142857142857143, 0.5] | Time: 6.421986103057861
Result: [0.0, 1.0, 1.0, 0.2857142857142857, 0.5] | Time: 1.3910748958587646
Result: [0.0, 1.0, 1.0, 0.7142857142857143, 0.5] | Time: 6.5816450119018555
Result: [0.0, 0.0, 0.0, 0.0, 0.5] | Time: 1.3269720077514648
Result: [0.0, 0.0, 0.0, 0.0, 0.5] | Time: 6.660314083099365
Result: [0.0, 1.0, 1.0, 0.2857142857142857, 0.5] | Time: 1.2829797267913818
Result: [0.0, 0.0, 0.0, 0.0, 0.0] | Time: 6.293944835662842
Result: [0.0, 0.0, 0.0, 0.0, 0.5] | Time: 1.6900053024291992
Result: [0.4, 1.0, 0.6, 0.4, 0.7] | Time: 1.479038953781128
Result: [0.0, 0.0, 0.0, 0.0, 0.5] | Time: 1.272386074066162
Result: [-0.5, 0.5, 1.0, 0.16666666666666666, 0.25] | Time: 1.3577609062194824
Result: [-0.30000000000000004, 0.5, 0.8, 0.2, 0.35] | Time: 1.2122809886932373
Result: [0.0, 1.0, 1.0, 0.7142857142857143, 0.5] | Time: 5.758249998092651
Result: [0.0, 1.0, 1.0, 0.2857142857142857, 0.5] | Time: 0.8384089469909668
Result: [0.0, 0.0, 0.0, 0.0, 0.5] | Time: 1.5297999382019043
Result: [0.0, 1.0, 1.0, 0.2857142857142857, 0.5] | Time: 1.2789790630340576
Result: [-0.30000000000000004, 0.5, 0.8, 0.2, 0.35] | Time: 1.4774060249328613
Result: [-0.4, 0.0, 0.4, 0.0, 0.3] | Time: 1.2650742530822754
Result: [0.0, 0.0, 0.0, 0.0, 0.5] | Time: 6.144197940826416
Result: [0.0, 1.0, 1.0, 0.2857142857142857, 0.5] | Time: 0.6337411403656006
Result: [0.3, 0.5, 0.2, 0.5, 0.6500000000000001] | Time: 1.284965991973877
Result: [0.0, 0.0, 0.0, 0.0, 0.5] | Time: 0.6485309600830078
Result: [0.4, 1.0, 0.6, 0.4, 0.7] | Time: 1.7909681797027588
Result: [-0.09999999999999998, 0.5, 0.6, 0.25, 0.45000000000000007] | Time: 1.5333638191223145
Result: [0.0, 0.0, 0.0, 0.0, 0.5] | Time: 7.401648998260498
Result: [-0.2, 0.0, 0.2, 0.0, 0.4] | Time: 1.37272310256958
Result: [0.0, 0.0, 0.0, 0.0, 0.5] | Time: 6.612588167190552
Result: [0.19999999999999996, 1.0, 0.8, 0.3333333333333333, 0.6] | Time: 1.384004831314087
Result: [0.4, 1.0, 0.6, 0.4, 0.7] | Time: 0.8167862892150879
Result: [0.0, 0.0, 0.0, 0.0, 0.5] | Time: 1.048058032989502
Result: [-0.5, 0.5, 1.0, 0.16666666666666666, 0.25] | Time: 1.3840041160583496
Result: [0.0, 0.0, 0.0, 0.0, 0.0] | Time: 1.1861040592193604
Result: [-0.09999999999999998, 0.5, 0.6, 0.25, 0.45000000000000007] | Time: 1.4385168552398682
Result: [0.0, 1.0, 1.0, 0.7142857142857143, 0.5] | Time: 6.764993190765381
Result: [0.0, 1.0, 1.0, 0.7142857142857143, 0.5] | Time: 6.783181190490723
Result: [0.0, 1.0, 1.0, 0.7142857142857143, 0.5] | Time: 6.302778244018555
Result: [0.0, 1.0, 1.0, 0.7142857142857143, 0.5] | Time: 6.272176027297974
Result: [0.0, 1.0, 1.0, 0.2857142857142857, 0.5] | Time: 1.50034499168396
Median results:
nan

Best results:
[]
cassandra:
Result: [0.0, 1.0, 1.0, 0.25, 0.5] | Time: 1.4728248119354248
Result: [0.0, 1.0, 1.0, 0.25, 0.5] | Time: 1.2977650165557861
Result: [0.0, 1.0, 1.0, 0.25, 0.5] | Time: 0.9752347469329834
Result: [0.0, 1.0, 1.0, 0.75, 0.5] | Time: 6.372687101364136
Result: [0.0, 0.0, 0.0, 0.0, 0.5] | Time: 0.572659969329834
Result: [0.0, 1.0, 1.0, 0.25, 0.5] | Time: 0.9790229797363281
Result: [0.0, 0.0, 0.0, 0.0, 0.5] | Time: 5.788059949874878
Result: [0.0, 0.0, 0.0, 0.0, 0.5] | Time: 0.6933741569519043
Result: [0.0, 1.0, 1.0, 0.25, 0.5] | Time: 0.9747262001037598
Result: [0.0, 1.0, 1.0, 0.75, 0.5] | Time: 7.329535007476807
Result: [-0.6666666666666666, 0.0, 0.6666666666666666, 0.0, 0.16666666666666669] | Time: 0.9224681854248047
Result: [0.0, 1.0, 1.0, 0.25, 0.5] | Time: 1.263714075088501
Result: [0.0, 0.0, 0.0, 0.0, 0.5] | Time: 1.1999130249023438
Result: [0.0, 0.0, 0.0, 0.0, 0.5] | Time: 1.309145212173462
Result: [1.0, 1.0, 0.0, 1.0, 1.0] | Time: 1.1889820098876953
Result: [0.6666666666666667, 1.0, 0.3333333333333333, 0.5, 0.8333333333333334] | Time: 1.1869308948516846
Result: [0.6666666666666666, 0.6666666666666666, 0.0, 1.0, 0.8333333333333333] | Time: 7.067210912704468
Result: [0.0, 0.0, 0.0, 0.0, 0.5] | Time: 7.060624122619629
Result: [-0.3333333333333333, 0.0, 0.3333333333333333, 0.0, 0.33333333333333337] | Time: 1.2427830696105957
Result: [0.0, 1.0, 1.0, 0.25, 0.5] | Time: 0.9009020328521729
Result: [0.0, 0.0, 0.0, 0.0, 0.5] | Time: 6.947379112243652
Result: [0.0, 1.0, 1.0, 0.75, 0.5] | Time: 6.054178953170776
Result: [0.0, 0.0, 0.0, 0.0, 0.5] | Time: 5.786574125289917
Result: [0.0, 0.0, 0.0, 0.0, 0.5] | Time: 6.809282064437866
Result: [0.0, 1.0, 1.0, 0.75, 0.5] | Time: 6.570520877838135
Result: [-0.6666666666666666, 0.0, 0.6666666666666666, 0.0, 0.16666666666666669] | Time: 1.245638132095337
Result: [0.0, 1.0, 1.0, 0.25, 0.5] | Time: 0.6547298431396484
Result: [0.0, 1.0, 1.0, 0.25, 0.5] | Time: 0.5116572380065918
Result: [0.0, 0.0, 0.0, 0.0, 0.5] | Time: 1.217844009399414
Result: [0.0, 0.0, 0.0, 0.0, 0.5] | Time: 6.488966226577759
Result: [0.0, 0.0, 0.0, 0.0, 0.5] | Time: 0.6473681926727295
Result: [0.0, 1.0, 1.0, 0.25, 0.5] | Time: 1.4824512004852295
Result: [0.0, 1.0, 1.0, 0.25, 0.5] | Time: 0.7261881828308105
Result: [0.0, 1.0, 1.0, 0.25, 0.5] | Time: 1.3920047283172607
Result: [0.0, 1.0, 1.0, 0.25, 0.5] | Time: 1.0981650352478027
Result: [0.0, 0.0, 0.0, 0.0, 0.5] | Time: 6.1698150634765625
Result: [-0.3333333333333333, 0.0, 0.3333333333333333, 0.0, 0.33333333333333337] | Time: 1.3051788806915283
Result: [0.0, 0.0, 0.0, 0.0, 0.5] | Time: 1.1491808891296387
Result: [0.0, 1.0, 1.0, 0.25, 0.5] | Time: 0.7827210426330566
Result: [0.0, 0.0, 0.0, 0.0, 0.5] | Time: 0.7176711559295654
Result: [-1.0, 0.0, 1.0, 0.0, 0.0] | Time: 1.2389898300170898
Result: [0.0, 1.0, 1.0, 0.25, 0.5] | Time: 0.8257110118865967
Result: [0.0, 1.0, 1.0, 0.25, 0.5] | Time: 0.9612610340118408
Result: [0.0, 0.0, 0.0, 0.0, 0.5] | Time: 6.9081408977508545
Result: [-1.0, 0.0, 1.0, 0.0, 0.0] | Time: 1.3788061141967773
Result: [0.0, 1.0, 1.0, 0.25, 0.5] | Time: 0.5618138313293457
Result: [1.0, 1.0, 0.0, 1.0, 1.0] | Time: 1.3245811462402344
Result: [0.0, 0.0, 0.0, 0.0, 0.5] | Time: 0.6866810321807861
Result: [0.0, 1.0, 1.0, 0.25, 0.5] | Time: 1.1070871353149414
Result: [0.0, 0.0, 0.0, 0.0, 0.5] | Time: 0.8450911045074463
Result: [-0.6666666666666667, 0.3333333333333333, 1.0, 0.5, 0.16666666666666666] | Time: 6.311222076416016
Result: [0.0, 0.0, 0.0, 0.0, 0.5] | Time: 5.960361003875732
Result: [0.0, 1.0, 1.0, 0.75, 0.5] | Time: 6.7918500900268555
Result: [0.0, 0.0, 0.0, 0.0, 0.5] | Time: 1.2946302890777588
Result: [0.0, 1.0, 1.0, 0.25, 0.5] | Time: 0.971790075302124
Result: [0.0, 1.0, 1.0, 0.75, 0.5] | Time: 6.998992919921875
Result: [-0.6666666666666666, 0.0, 0.6666666666666666, 0.0, 0.16666666666666669] | Time: 1.376265048980713
Result: [0.0, 1.0, 1.0, 0.25, 0.5] | Time: 1.283069133758545
Result: [0.0, 0.0, 0.0, 0.0, 0.5] | Time: 0.8325150012969971
Result: [0.0, 1.0, 1.0, 0.25, 0.5] | Time: 1.5805559158325195
Result: [0.0, 1.0, 1.0, 0.25, 0.5] | Time: 0.894078254699707
Result: [0.0, 1.0, 1.0, 0.25, 0.5] | Time: 0.931110143661499
Result: [-0.6666666666666666, 0.0, 0.6666666666666666, 0.0, 0.16666666666666669] | Time: 2.0270159244537354
Result: [0.0, 0.0, 0.0, 0.0, 0.5] | Time: 7.916752099990845
Result: [0.0, 1.0, 1.0, 0.25, 0.5] | Time: 1.8188376426696777
Result: [0.0, 1.0, 1.0, 0.25, 0.5] | Time: 0.7430579662322998
Result: [0.0, 1.0, 1.0, 0.25, 0.5] | Time: 1.367027997970581
Result: [0.0, 1.0, 1.0, 0.25, 0.5] | Time: 0.5091078281402588
Result: [0.0, 1.0, 1.0, 0.25, 0.5] | Time: 1.3711559772491455
Result: [0.0, 1.0, 1.0, 0.25, 0.5] | Time: 1.3000881671905518
Result: [-0.3333333333333333, 0.0, 0.3333333333333333, 0.0, 0.33333333333333337] | Time: 1.7437477111816406
Result: [0.0, 1.0, 1.0, 0.25, 0.5] | Time: 1.6917331218719482
Result: [0.0, 1.0, 1.0, 0.25, 0.5] | Time: 1.4666800498962402
Result: [0.0, 0.0, 0.0, 0.0, 0.5] | Time: 9.210835933685303
Result: [0.0, 0.0, 0.0, 0.0, 0.5] | Time: 10.11246109008789
Result: [-0.3333333333333333, 0.0, 0.3333333333333333, 0.0, 0.33333333333333337] | Time: 1.9499058723449707
Result: [-0.6666666666666666, 0.0, 0.6666666666666666, 0.0, 0.16666666666666669] | Time: 1.9303929805755615
Result: [0.0, 0.0, 0.0, 0.0, 0.5] | Time: 9.267573118209839
Result: [0.0, 1.0, 1.0, 0.25, 0.5] | Time: 1.8380489349365234
Result: [0.0, 1.0, 1.0, 0.75, 0.5] | Time: 8.290086030960083
Result: [0.0, 1.0, 1.0, 0.75, 0.5] | Time: 8.915589809417725
Result: [-0.33333333333333337, 0.6666666666666666, 1.0, 0.6666666666666666, 0.3333333333333333] | Time: 10.831851959228516
Result: [0.0, 0.0, 0.0, 0.0, 0.5] | Time: 7.606420993804932
Result: [0.0, 0.0, 0.0, 0.0, 0.5] | Time: 6.389062881469727
Result: [0.0, 0.0, 0.0, 0.0, 0.5] | Time: 6.519452095031738
Result: [0.0, 1.0, 1.0, 0.75, 0.5] | Time: 6.391370058059692
Result: [0.0, 1.0, 1.0, 0.75, 0.5] | Time: 7.195404052734375
Result: [1.0, 1.0, 0.0, 1.0, 1.0] | Time: 1.3016119003295898
Result: [-0.6666666666666666, 0.0, 0.6666666666666666, 0.0, 0.16666666666666669] | Time: 0.9785871505737305
Result: [0.0, 0.0, 0.0, 0.0, 0.5] | Time: 6.756567001342773
Result: [0.0, 1.0, 1.0, 0.25, 0.5] | Time: 0.6323699951171875
Result: [0.0, 0.0, 0.0, 0.0, 0.5] | Time: 6.974189043045044
Result: [0.0, 1.0, 1.0, 0.75, 0.5] | Time: 6.758728981018066
Result: [0.0, 0.0, 0.0, 0.0, 0.5] | Time: 0.8810808658599854
Result: [1.0, 1.0, 0.0, 1.0, 1.0] | Time: 1.4019548892974854
Result: [0.0, 0.0, 0.0, 0.0, 0.5] | Time: 6.573819875717163
Result: [0.0, 0.0, 0.0, 0.0, 0.5] | Time: 6.972279071807861
Result: [0.0, 1.0, 1.0, 0.75, 0.5] | Time: 6.850832939147949
Result: [0.0, 1.0, 1.0, 0.75, 0.5] | Time: 6.786595821380615
Result: [0.0, 1.0, 1.0, 0.25, 0.5] | Time: 1.4227409362792969
Result: [-0.3333333333333333, 0.0, 0.3333333333333333, 0.0, 0.33333333333333337] | Time: 1.1409292221069336
Result: [0.0, 1.0, 1.0, 0.75, 0.5] | Time: 6.920576095581055
Result: [0.0, 1.0, 1.0, 0.25, 0.5] | Time: 0.9824550151824951
Result: [0.0, 0.0, 0.0, 0.0, 0.5] | Time: 1.1429388523101807
Result: [0.0, 1.0, 1.0, 0.25, 0.5] | Time: 0.6948931217193604
Result: [0.0, 1.0, 1.0, 0.75, 0.5] | Time: 7.274992942810059
Result: [0.0, 1.0, 1.0, 0.25, 0.5] | Time: 0.5014829635620117
Result: [0.0, 1.0, 1.0, 0.25, 0.5] | Time: 0.6142191886901855
Result: [0.0, 1.0, 1.0, 0.75, 0.5] | Time: 7.083641767501831
Result: [0.33333333333333337, 1.0, 0.6666666666666666, 0.3333333333333333, 0.6666666666666667] | Time: 0.6494240760803223
Result: [0.0, 1.0, 1.0, 0.25, 0.5] | Time: 0.5503900051116943
Result: [0.0, 0.0, 0.0, 0.0, 0.5] | Time: 1.0389409065246582
Result: [-0.6666666666666666, 0.0, 0.6666666666666666, 0.0, 0.16666666666666669] | Time: 1.5523200035095215
Result: [0.0, 1.0, 1.0, 0.25, 0.5] | Time: 1.3737390041351318
Result: [0.0, 0.0, 0.0, 0.0, 0.5] | Time: 0.9613580703735352
Result: [0.0, 0.0, 0.0, 0.0, 0.5] | Time: 0.5101127624511719
Result: [0.0, 1.0, 1.0, 0.75, 0.5] | Time: 6.862821817398071
Result: [-0.6666666666666666, 0.0, 0.6666666666666666, 0.0, 0.16666666666666669] | Time: 1.358004093170166
Result: [0.0, 0.0, 0.0, 0.0, 0.5] | Time: 7.037950277328491
Result: [0.0, 1.0, 1.0, 0.75, 0.5] | Time: 7.058722019195557
Result: [0.0, 1.0, 1.0, 0.25, 0.5] | Time: 0.6736857891082764
Result: [0.0, 0.0, 0.0, 0.0, 0.5] | Time: 1.2740259170532227
Result: [-1.0, 0.0, 1.0, 0.0, 0.0] | Time: 7.213034152984619
Result: [0.0, 0.0, 0.0, 0.0, 0.5] | Time: 0.8431060314178467
Result: [0.0, 1.0, 1.0, 0.75, 0.5] | Time: 7.253199815750122
Result: [0.0, 1.0, 1.0, 0.25, 0.5] | Time: 0.8181819915771484
Result: [0.0, 1.0, 1.0, 0.25, 0.5] | Time: 0.5540258884429932
Result: [0.0, 1.0, 1.0, 0.25, 0.5] | Time: 1.1979601383209229
Result: [0.0, 1.0, 1.0, 0.25, 0.5] | Time: 0.6695468425750732
Result: [0.0, 0.0, 0.0, 0.0, 0.5] | Time: 0.8344380855560303
Result: [0.0, 1.0, 1.0, 0.25, 0.5] | Time: 0.7395229339599609
Result: [0.0, 0.0, 0.0, 0.0, 0.5] | Time: 0.6158990859985352
Result: [0.0, 0.0, 0.0, 0.0, 0.5] | Time: 0.9074270725250244
Result: [0.0, 1.0, 1.0, 0.25, 0.5] | Time: 0.686406135559082
Result: [0.0, 1.0, 1.0, 0.25, 0.5] | Time: 1.1402349472045898
Result: [0.0, 1.0, 1.0, 0.25, 0.5] | Time: 0.8177039623260498
Result: [0.0, 1.0, 1.0, 0.25, 0.5] | Time: 0.625230073928833
Result: [-0.6666666666666666, 0.0, 0.6666666666666666, 0.0, 0.16666666666666669] | Time: 0.6900439262390137
Result: [0.0, 1.0, 1.0, 0.75, 0.5] | Time: 6.351515054702759
Result: [0.0, 1.0, 1.0, 0.25, 0.5] | Time: 1.314526081085205
Result: [0.0, 1.0, 1.0, 0.25, 0.5] | Time: 1.2662761211395264
Result: [0.0, 0.0, 0.0, 0.0, 0.5] | Time: 1.3086371421813965
Result: [0.0, 1.0, 1.0, 0.25, 0.5] | Time: 1.2145991325378418
Result: [0.0, 0.0, 0.0, 0.0, 0.5] | Time: 1.166590929031372
Result: [0.0, 1.0, 1.0, 0.75, 0.5] | Time: 6.841464042663574
Result: [0.0, 1.0, 1.0, 0.75, 0.5] | Time: 6.8191282749176025
Result: [0.0, 1.0, 1.0, 0.75, 0.5] | Time: 6.410481929779053
Result: [0.0, 1.0, 1.0, 0.25, 0.5] | Time: 1.298511266708374
Result: [0.0, 1.0, 1.0, 0.75, 0.5] | Time: 6.920398235321045
Result: [0.0, 1.0, 1.0, 0.25, 0.5] | Time: 1.333251953125
Median results:
nan

Best results:
[]
commons:
Result: [0.0, 1.0, 1.0, 0.2, 0.5] | Time: 1.0736961364746094
Result: [0.0, 1.0, 1.0, 0.8, 0.5] | Time: 7.073306083679199
Result: [0.25, 1.0, 0.75, 0.25, 0.625] | Time: 0.8729438781738281
Result: [0.0, 0.0, 0.0, 0.0, 0.5] | Time: 7.060565948486328
Result: [0.0, 0.0, 0.0, 0.0, 0.5] | Time: 6.9987828731536865
Result: [-0.75, 0.25, 1.0, 0.5, 0.125] | Time: 6.392863035202026
Result: [0.0, 0.0, 0.0, 0.0, 0.5] | Time: 6.402050256729126
Result: [0.0, 0.0, 0.0, 0.0, 0.5] | Time: 0.6514291763305664
Result: [0.0, 0.0, 0.0, 0.0, 0.5] | Time: 0.6745972633361816
Result: [0.0, 0.0, 0.0, 0.0, 0.5] | Time: 0.6725180149078369
Result: [0.0, 1.0, 1.0, 0.2, 0.5] | Time: 1.0382311344146729
Result: [0.0, 0.0, 0.0, 0.0, 0.5] | Time: 7.325639009475708
Result: [0.0, 0.0, 0.0, 0.0, 0.5] | Time: 1.0554959774017334
Result: [0.0, 0.0, 0.0, 0.0, 0.5] | Time: 1.5041813850402832
Result: [0.5, 1.0, 0.5, 0.3333333333333333, 0.75] | Time: 1.3910229206085205
Result: [0.0, 1.0, 1.0, 0.2, 0.5] | Time: 1.3578541278839111
Result: [0.0, 1.0, 1.0, 0.2, 0.5] | Time: 1.1332969665527344
Result: [0.0, 0.0, 0.0, 0.0, 0.5] | Time: 1.1998112201690674
Result: [0.0, 0.0, 0.0, 0.0, 0.5] | Time: 6.9777610301971436
Result: [0.0, 0.0, 0.0, 0.0, 0.5] | Time: 7.755542039871216
Result: [0.0, 0.0, 0.0, 0.0, 0.5] | Time: 1.6612167358398438
Result: [0.0, 0.0, 0.0, 0.0, 0.5] | Time: 7.79119086265564
Result: [0.0, 0.0, 0.0, 0.0, 0.5] | Time: 7.297177314758301
Result: [0.75, 1.0, 0.25, 0.5, 0.875] | Time: 1.5605618953704834
Result: [0.0, 1.0, 1.0, 0.2, 0.5] | Time: 1.426544189453125
Result: [-0.25, 0.0, 0.25, 0.0, 0.375] | Time: 1.4937810897827148
Result: [0.0, 1.0, 1.0, 0.2, 0.5] | Time: 0.8016719818115234
Result: [-0.25, 0.0, 0.25, 0.0, 0.375] | Time: 1.3476369380950928
Result: [0.0, 0.0, 0.0, 0.0, 0.5] | Time: 0.7616138458251953
Result: [-0.25, 0.0, 0.25, 0.0, 0.375] | Time: 1.2820472717285156
Result: [0.0, 1.0, 1.0, 0.2, 0.5] | Time: 0.7143039703369141
Result: [-0.25, 0.0, 0.25, 0.0, 0.375] | Time: 1.2796962261199951
Result: [0.0, 0.0, 0.0, 0.0, 0.5] | Time: 1.4466898441314697
Result: [-0.25, 0.0, 0.25, 0.0, 0.375] | Time: 1.3478889465332031
Result: [0.5, 1.0, 0.5, 0.3333333333333333, 0.75] | Time: 1.05899977684021
Result: [0.0, 0.0, 0.0, 0.0, 0.5] | Time: 7.072764158248901
Result: [0.0, 0.0, 0.0, 0.0, 0.5] | Time: 1.2704980373382568
Result: [0.0, 0.0, 0.0, 0.0, 0.5] | Time: 7.164400815963745
Result: [0.0, 0.0, 0.0, 0.0, 0.5] | Time: 0.5780370235443115
Result: [0.25, 1.0, 0.75, 0.25, 0.625] | Time: 1.1981689929962158
Result: [0.0, 0.0, 0.0, 0.0, 0.5] | Time: 0.6921300888061523
Result: [-0.75, 0.0, 0.75, 0.0, 0.125] | Time: 0.688133955001831
Result: [0.0, 1.0, 1.0, 0.2, 0.5] | Time: 1.3642189502716064
Result: [0.0, 0.0, 0.0, 0.0, 0.5] | Time: 0.5311229228973389
Result: [0.0, 1.0, 1.0, 0.2, 0.5] | Time: 1.0048248767852783
Result: [0.0, 0.0, 0.0, 0.0, 0.5] | Time: 6.947703123092651
Result: [1.0, 1.0, 0.0, 1.0, 1.0] | Time: 1.2630128860473633
Result: [0.0, 1.0, 1.0, 0.2, 0.5] | Time: 1.361630916595459
Result: [1.0, 1.0, 0.0, 1.0, 1.0] | Time: 0.5205330848693848
Result: [0.0, 0.0, 0.0, 0.0, 0.5] | Time: 1.2068111896514893
Result: [0.25, 1.0, 0.75, 0.25, 0.625] | Time: 0.6532859802246094
Result: [0.0, 0.0, 0.0, 0.0, 0.5] | Time: 0.47057199478149414
Result: [0.0, 0.0, 0.0, 0.0, 0.5] | Time: 0.5325829982757568
Result: [0.0, 0.0, 0.0, 0.0, 0.5] | Time: 1.318336009979248
Result: [-1.0, 0.0, 1.0, 0.0, 0.0] | Time: 1.182816743850708
Result: [0.0, 0.0, 0.0, 0.0, 0.5] | Time: 0.6974537372589111
Result: [0.0, 1.0, 1.0, 0.2, 0.5] | Time: 1.289405107498169
Result: [0.0, 1.0, 1.0, 0.2, 0.5] | Time: 0.8696377277374268
Result: [0.0, 0.0, 0.0, 0.0, 0.5] | Time: 7.299705982208252
Result: [0.0, 0.0, 0.0, 0.0, 0.5] | Time: 0.8204751014709473
Result: [0.0, 0.0, 0.0, 0.0, 0.5] | Time: 1.361259937286377
Result: [0.0, 0.0, 0.0, 0.0, 0.5] | Time: 1.0687198638916016
Result: [0.0, 0.0, 0.0, 0.0, 0.5] | Time: 7.259916067123413
Result: [0.0, 0.0, 0.0, 0.0, 0.5] | Time: 0.7967109680175781
Result: [-0.25, 0.0, 0.25, 0.0, 0.375] | Time: 1.3480627536773682
Result: [0.0, 1.0, 1.0, 0.2, 0.5] | Time: 1.441317081451416
Result: [0.0, 0.0, 0.0, 0.0, 0.5] | Time: 6.566889047622681
Result: [0.0, 0.0, 0.0, 0.0, 0.5] | Time: 0.7132747173309326
Result: [0.0, 0.0, 0.0, 0.0, 0.5] | Time: 0.6326560974121094
Result: [0.5, 1.0, 0.5, 0.3333333333333333, 0.75] | Time: 1.3247418403625488
Result: [0.0, 1.0, 1.0, 0.2, 0.5] | Time: 0.8741118907928467
Result: [-0.75, 0.0, 0.75, 0.0, 0.125] | Time: 1.2667970657348633
Result: [0.0, 1.0, 1.0, 0.2, 0.5] | Time: 0.5907981395721436
Result: [0.0, 0.0, 0.0, 0.0, 0.5] | Time: 1.3694660663604736
Result: [0.0, 1.0, 1.0, 0.2, 0.5] | Time: 0.47594308853149414
Result: [0.25, 1.0, 0.75, 0.25, 0.625] | Time: 0.6383919715881348
Result: [0.0, 1.0, 1.0, 0.2, 0.5] | Time: 1.2511260509490967
Result: [-1.0, 0.0, 1.0, 0.0, 0.0] | Time: 0.7602920532226562
Result: [0.0, 0.0, 0.0, 0.0, 0.5] | Time: 7.359170913696289
Result: [1.0, 1.0, 0.0, 1.0, 1.0] | Time: 0.8426229953765869
Result: [0.0, 1.0, 1.0, 0.2, 0.5] | Time: 0.46465468406677246
Result: [0.0, 0.0, 0.0, 0.0, 0.5] | Time: 1.260915756225586
Result: [0.0, 1.0, 1.0, 0.8, 0.5] | Time: 7.442017078399658
Result: [0.0, 1.0, 1.0, 0.2, 0.5] | Time: 0.9841017723083496
Result: [0.0, 0.0, 0.0, 0.0, 0.5] | Time: 7.323904037475586
Result: [0.0, 1.0, 1.0, 0.8, 0.5] | Time: 7.066251993179321
Result: [0.0, 0.0, 0.0, 0.0, 0.5] | Time: 1.203787088394165
Result: [0.0, 0.0, 0.0, 0.0, 0.5] | Time: 6.465113162994385
Result: [0.0, 1.0, 1.0, 0.2, 0.5] | Time: 0.8338561058044434
Result: [0.0, 0.0, 0.0, 0.0, 0.5] | Time: 6.407229900360107
Result: [0.0, 0.0, 0.0, 0.0, 0.5] | Time: 6.572101831436157
Result: [0.0, 0.0, 0.0, 0.0, 0.5] | Time: 0.5709922313690186
Result: [0.0, 0.0, 0.0, 0.0, 0.5] | Time: 0.8477160930633545
Result: [0.0, 0.0, 0.0, 0.0, 0.5] | Time: 1.2718310356140137
Result: [-1.0, 0.0, 1.0, 0.0, 0.0] | Time: 1.3506879806518555
Result: [-0.25, 0.0, 0.25, 0.0, 0.375] | Time: 1.2618732452392578
Result: [0.0, 1.0, 1.0, 0.2, 0.5] | Time: 1.1884992122650146
Result: [0.0, 0.0, 0.0, 0.0, 0.5] | Time: 0.4700469970703125
Result: [0.0, 1.0, 1.0, 0.2, 0.5] | Time: 1.3738608360290527
Result: [0.0, 0.0, 0.0, 0.0, 0.5] | Time: 0.7046658992767334
Result: [0.75, 1.0, 0.25, 0.5, 0.875] | Time: 0.9212501049041748
Result: [0.0, 1.0, 1.0, 0.2, 0.5] | Time: 0.7423670291900635
Result: [0.0, 1.0, 1.0, 0.2, 0.5] | Time: 1.2557389736175537
Result: [0.0, 0.0, 0.0, 0.0, 0.5] | Time: 0.8666970729827881
Result: [0.0, 1.0, 1.0, 0.2, 0.5] | Time: 0.7175519466400146
Result: [1.0, 1.0, 0.0, 1.0, 1.0] | Time: 1.3108890056610107
Result: [0.0, 0.0, 0.0, 0.0, 0.5] | Time: 7.258425951004028
Result: [-0.75, 0.0, 0.75, 0.0, 0.125] | Time: 1.0739400386810303
Result: [0.0, 1.0, 1.0, 0.2, 0.5] | Time: 1.3777198791503906
Result: [-1.0, 0.0, 1.0, 0.0, 0.0] | Time: 1.4251608848571777
Result: [0.0, 0.0, 0.0, 0.0, 0.5] | Time: 7.489631175994873
Result: [1.0, 1.0, 0.0, 1.0, 1.0] | Time: 1.1240317821502686
Result: [0.0, 1.0, 1.0, 0.2, 0.5] | Time: 0.6670339107513428
Result: [0.0, 1.0, 1.0, 0.2, 0.5] | Time: 1.4444339275360107
Result: [-0.25, 0.0, 0.25, 0.0, 0.375] | Time: 1.2164392471313477
Result: [0.0, 1.0, 1.0, 0.2, 0.5] | Time: 1.5265274047851562
Result: [0.0, 1.0, 1.0, 0.2, 0.5] | Time: 0.6265158653259277
Result: [-1.0, 0.0, 1.0, 0.0, 0.0] | Time: 0.7409322261810303
Result: [0.0, 0.0, 0.0, 0.0, 0.5] | Time: 0.6448907852172852
Result: [0.0, 0.0, 0.0, 0.0, 0.5] | Time: 0.703125
Result: [0.0, 0.0, 0.0, 0.0, 0.5] | Time: 1.3061537742614746
Result: [0.0, 0.0, 0.0, 0.0, 0.5] | Time: 6.606442928314209
Result: [0.0, 1.0, 1.0, 0.2, 0.5] | Time: 0.5533361434936523
Result: [-0.25, 0.0, 0.25, 0.0, 0.375] | Time: 1.3073558807373047
Result: [0.0, 0.0, 0.0, 0.0, 0.5] | Time: 7.2433857917785645
Result: [0.0, 0.0, 0.0, 0.0, 0.5] | Time: 1.4225959777832031
Result: [0.0, 1.0, 1.0, 0.2, 0.5] | Time: 1.2858929634094238
Result: [0.0, 0.0, 0.0, 0.0, 0.5] | Time: 7.588634252548218
Result: [-0.25, 0.0, 0.25, 0.0, 0.375] | Time: 1.3427391052246094
Result: [-0.25, 0.0, 0.25, 0.0, 0.375] | Time: 1.3525340557098389
Result: [0.0, 1.0, 1.0, 0.8, 0.5] | Time: 7.339905738830566
Result: [0.0, 1.0, 1.0, 0.8, 0.5] | Time: 6.8776021003723145
Result: [0.0, 1.0, 1.0, 0.8, 0.5] | Time: 7.414833068847656
Result: [0.0, 1.0, 1.0, 0.8, 0.5] | Time: 7.523431062698364
Result: [0.0, 0.0, 0.0, 0.0, 0.5] | Time: 6.734516859054565
Result: [0.0, 1.0, 1.0, 0.8, 0.5] | Time: 7.456341981887817
Result: [1.0, 1.0, 0.0, 1.0, 1.0] | Time: 0.7260560989379883
Result: [1.0, 1.0, 0.0, 1.0, 1.0] | Time: 1.0058369636535645
Result: [-0.25, 0.0, 0.25, 0.0, 0.375] | Time: 1.3006649017333984
Result: [0.0, 0.0, 0.0, 0.0, 0.5] | Time: 1.3352909088134766
Result: [0.0, 1.0, 1.0, 0.2, 0.5] | Time: 1.0246150493621826
Result: [0.0, 1.0, 1.0, 0.2, 0.5] | Time: 1.4115979671478271
Result: [0.25, 1.0, 0.75, 0.25, 0.625] | Time: 0.6036767959594727
Result: [0.0, 0.0, 0.0, 0.0, 0.5] | Time: 1.1296048164367676
Result: [0.0, 0.0, 0.0, 0.0, 0.5] | Time: 1.1446809768676758
Result: [0.0, 0.0, 0.0, 0.0, 0.5] | Time: 1.131227970123291
Result: [0.0, 0.0, 0.0, 0.0, 0.5] | Time: 7.284719944000244
Result: [0.0, 0.0, 0.0, 0.0, 0.5] | Time: 0.508634090423584
Result: [0.0, 0.0, 0.0, 0.0, 0.5] | Time: 7.303496837615967
Result: [0.0, 0.0, 0.0, 0.0, 0.5] | Time: 0.8314759731292725
Median results:
nan

Best results:
[]
derby:
Result: [0.06349206349206349, 0.06349206349206349, 0.0, 1.0, 0.5317460317460317] | Time: 6.615816831588745
Result: [0.18226600985221675, 0.896551724137931, 0.7142857142857143, 0.36619718309859156, 0.5911330049261083] | Time: 1.4843730926513672
Result: [0.018609742747673783, 0.034482758620689655, 0.015873015873015872, 0.5, 0.509304871373837] | Time: 0.8324201107025146
Result: [-0.34373289545703334, 0.06896551724137931, 0.4126984126984127, 0.07142857142857142, 0.3281335522714833] | Time: 0.8894929885864258
Result: [-0.05309250136836341, 0.9310344827586207, 0.9841269841269841, 0.30337078651685395, 0.4734537493158183] | Time: 1.6462619304656982
Result: [0.0, 1.0, 1.0, 0.6847826086956522, 0.5] | Time: 7.988325834274292
Result: [0.0, 0.0, 0.0, 0.0, 0.5] | Time: 0.6324951648712158
Result: [0.0, 1.0, 1.0, 0.6847826086956522, 0.5] | Time: 6.157728910446167
Result: [-0.021346469622331665, 0.9310344827586207, 0.9523809523809523, 0.3103448275862069, 0.48932676518883417] | Time: 1.482896089553833
Result: [0.0, 1.0, 1.0, 0.6847826086956522, 0.5] | Time: 6.696839809417725
Result: [0.1089217296113848, 0.1724137931034483, 0.06349206349206349, 0.5555555555555556, 0.5544608648056925] | Time: 1.4224209785461426
Result: [0.19813902572523268, 0.896551724137931, 0.6984126984126984, 0.37142857142857144, 0.5990695128626163] | Time: 1.657707929611206
Result: [0.01532567049808431, 0.7931034482758621, 0.7777777777777778, 0.3194444444444444, 0.5076628352490421] | Time: 1.4801342487335205
Result: [0.08921729611384788, 0.7241379310344828, 0.6349206349206349, 0.3442622950819672, 0.5446086480569239] | Time: 1.4688291549682617
Result: [0.0, 0.0, 0.0, 0.0, 0.5] | Time: 1.2526681423187256
Result: [0.0, 1.0, 1.0, 0.6847826086956522, 0.5] | Time: 3.5176799297332764
Result: [0.15325670498084287, 0.9310344827586207, 0.7777777777777778, 0.35526315789473684, 0.5766283524904214] | Time: 1.1480989456176758
Result: [0.0, 1.0, 1.0, 0.6847826086956522, 0.5] | Time: 7.33449387550354
Result: [0.0, 1.0, 1.0, 0.31521739130434784, 0.5] | Time: 2.3010947704315186
Result: [0.0, 1.0, 1.0, 0.31521739130434784, 0.5] | Time: 1.734086036682129
Result: [0.09469074986316373, 0.7931034482758621, 0.6984126984126984, 0.34328358208955223, 0.5473453749315819] | Time: 1.2511110305786133
Result: [0.0, 1.0, 1.0, 0.6847826086956522, 0.5] | Time: 8.93838095664978
Result: [0.0, 1.0, 1.0, 0.31521739130434784, 0.5] | Time: 1.6034607887268066
Result: [0.0, 1.0, 1.0, 0.31521739130434784, 0.5] | Time: 0.8701126575469971
Result: [0.07334428024083195, 0.3492063492063492, 0.27586206896551724, 0.7333333333333333, 0.536672140120416] | Time: 7.164281845092773
Result: [0.023535851122058027, 0.896551724137931, 0.873015873015873, 0.32098765432098764, 0.511767925561029] | Time: 1.9707438945770264
Result: [-0.04761904761904767, 0.9523809523809523, 1.0, 0.6741573033707865, 0.47619047619047616] | Time: 5.695758104324341
Result: [-0.090311986863711, 0.8620689655172413, 0.9523809523809523, 0.29411764705882354, 0.4548440065681445] | Time: 1.360940933227539
Result: [0.0, 1.0, 1.0, 0.31521739130434784, 0.5] | Time: 1.7821741104125977
Result: [-0.05309250136836341, 0.9310344827586207, 0.9841269841269841, 0.30337078651685395, 0.4734537493158183] | Time: 1.4275271892547607
Result: [0.0, 1.0, 1.0, 0.31521739130434784, 0.5] | Time: 0.541801929473877
Result: [0.039408866995073955, 0.896551724137931, 0.8571428571428571, 0.325, 0.5197044334975369] | Time: 1.5543549060821533
Result: [0.11111111111111116, 1.0, 0.8888888888888888, 0.3411764705882353, 0.5555555555555556] | Time: 1.4570071697235107
Result: [0.0, 1.0, 1.0, 0.6847826086956522, 0.5] | Time: 8.358735084533691
Result: [0.0, 1.0, 1.0, 0.31521739130434784, 0.5] | Time: 1.5575060844421387
Result: [-0.14012041598248492, 0.034482758620689655, 0.1746031746031746, 0.08333333333333333, 0.4299397920087575] | Time: 0.8779840469360352
Result: [0.0, 1.0, 1.0, 0.6847826086956522, 0.5] | Time: 5.953681945800781
Result: [0.13738368910782703, 0.20634920634920634, 0.06896551724137931, 0.8666666666666667, 0.5686918445539135] | Time: 6.320959091186523
Result: [0.032293377120963335, 0.20689655172413793, 0.1746031746031746, 0.35294117647058826, 0.5161466885604816] | Time: 1.4752049446105957
Result: [0.15873015873015872, 1.0, 0.8412698412698413, 0.35365853658536583, 0.5793650793650793] | Time: 1.627223014831543
Result: [0.0, 0.0, 0.0, 0.0, 0.5] | Time: 9.100934267044067
Result: [-0.05309250136836341, 0.9310344827586207, 0.9841269841269841, 0.30337078651685395, 0.4734537493158183] | Time: 1.1530029773712158
Result: [0.0, 0.0, 0.0, 0.0, 0.5] | Time: 1.6348259449005127
Result: [0.10563765736179531, 0.9310344827586207, 0.8253968253968254, 0.34177215189873417, 0.5528188286808977] | Time: 1.7399930953979492
Result: [-0.05309250136836341, 0.9310344827586207, 0.9841269841269841, 0.30337078651685395, 0.4734537493158183] | Time: 1.7449240684509277
Result: [0.0, 1.0, 1.0, 0.31521739130434784, 0.5] | Time: 1.7662551403045654
Result: [0.0, 1.0, 1.0, 0.31521739130434784, 0.5] | Time: 1.927915096282959
Result: [0.0, 1.0, 1.0, 0.31521739130434784, 0.5] | Time: 1.954566240310669
Result: [0.0, 1.0, 1.0, 0.6847826086956522, 0.5] | Time: 2.3216638565063477
Result: [0.015873015873015872, 0.015873015873015872, 0.0, 1.0, 0.5079365079365079] | Time: 4.126199722290039
Result: [0.0, 1.0, 1.0, 0.6847826086956522, 0.5] | Time: 6.1388328075408936
Result: [0.0, 1.0, 1.0, 0.31521739130434784, 0.5] | Time: 0.7458808422088623
Result: [0.0, 0.0, 0.0, 0.0, 0.5] | Time: 8.190332174301147
Result: [0.0, 1.0, 1.0, 0.31521739130434784, 0.5] | Time: 0.7386229038238525
Result: [0.0, 0.0, 0.0, 0.0, 0.5] | Time: 1.465636968612671
Result: [0.026819923371647514, 0.13793103448275862, 0.1111111111111111, 0.36363636363636365, 0.5134099616858238] | Time: 1.425675868988037
Result: [-0.018609742747673685, 0.9655172413793104, 0.9841269841269841, 0.3111111111111111, 0.49069512862616316] | Time: 1.1525931358337402
Result: [0.021346469622331693, 0.06896551724137931, 0.047619047619047616, 0.4, 0.5106732348111658] | Time: 2.3827619552612305
Result: [0.0, 1.0, 1.0, 0.31521739130434784, 0.5] | Time: 2.0667531490325928
Result: [0.0, 1.0, 1.0, 0.31521739130434784, 0.5] | Time: 0.7466840744018555
Result: [0.24302134646962226, 0.8620689655172413, 0.6190476190476191, 0.390625, 0.6215106732348111] | Time: 1.7675929069519043
Result: [0.0, 1.0, 1.0, 0.6847826086956522, 0.5] | Time: 2.9642951488494873
Result: [-0.13738368910782703, 0.06896551724137931, 0.20634920634920634, 0.13333333333333333, 0.43130815544608647] | Time: 1.9546887874603271
Result: [0.0, 1.0, 1.0, 0.6847826086956522, 0.5] | Time: 6.452152967453003
Result: [0.10290093048713744, 0.896551724137931, 0.7936507936507936, 0.34210526315789475, 0.5514504652435688] | Time: 0.7486131191253662
Result: [-0.029009304871373875, 0.9365079365079365, 0.9655172413793104, 0.6781609195402298, 0.48549534756431306] | Time: 7.470537900924683
Result: [0.0, 1.0, 1.0, 0.6847826086956522, 0.5] | Time: 8.513046026229858
Result: [0.0, 1.0, 1.0, 0.31521739130434784, 0.5] | Time: 1.3007090091705322
Result: [0.0, 1.0, 1.0, 0.31521739130434784, 0.5] | Time: 1.6339571475982666
Result: [0.09469074986316373, 0.7931034482758621, 0.6984126984126984, 0.34328358208955223, 0.5473453749315819] | Time: 1.4344279766082764
Result: [0.0, 1.0, 1.0, 0.31521739130434784, 0.5] | Time: 0.5606329441070557
Result: [-0.2523262178434592, 0.12698412698412698, 0.3793103448275862, 0.42105263157894735, 0.3738368910782704] | Time: 8.709580898284912
Result: [0.150519978106185, 0.896551724137931, 0.746031746031746, 0.3561643835616438, 0.5752599890530925] | Time: 1.3948628902435303
Result: [0.018609742747673783, 0.034482758620689655, 0.015873015873015872, 0.5, 0.509304871373837] | Time: 1.4352948665618896
Result: [0.0, 1.0, 1.0, 0.31521739130434784, 0.5] | Time: 0.709881067276001
Result: [0.015873015873015872, 0.015873015873015872, 0.0, 1.0, 0.5079365079365079] | Time: 8.614637851715088
Result: [-0.15763546798029554, 0.42857142857142855, 0.5862068965517241, 0.6136363636363636, 0.4211822660098522] | Time: 4.545516014099121
Result: [-0.018609742747673783, 0.015873015873015872, 0.034482758620689655, 0.5, 0.4906951286261631] | Time: 4.408157110214233
Result: [0.0, 1.0, 1.0, 0.31521739130434784, 0.5] | Time: 1.749375820159912
Result: [0.0, 1.0, 1.0, 0.6847826086956522, 0.5] | Time: 9.138891220092773
Result: [0.23918992884510126, 0.41379310344827586, 0.1746031746031746, 0.5217391304347826, 0.6195949644225506] | Time: 1.548449993133545
Result: [0.020799124247400047, 0.8620689655172413, 0.8412698412698413, 0.32051282051282054, 0.5103995621237001] | Time: 1.1101529598236084
Result: [-0.1390257252326218, 0.4482758620689655, 0.5873015873015873, 0.26, 0.43048713738368904] | Time: 1.5399510860443115
Result: [0.0, 0.0, 0.0, 0.0, 0.5] | Time: 4.115684986114502
Result: [0.04542966611932131, 0.1724137931034483, 0.12698412698412698, 0.38461538461538464, 0.5227148330596606] | Time: 1.47202730178833
Result: [-0.020799124247400103, 0.13793103448275862, 0.15873015873015872, 0.2857142857142857, 0.4896004378763] | Time: 1.356393814086914
Result: [0.0, 0.0, 0.0, 0.0, 0.5] | Time: 3.202061891555786
Result: [0.0, 1.0, 1.0, 0.31521739130434784, 0.5] | Time: 0.7566280364990234
Result: [0.1434044882320744, 0.9365079365079365, 0.7931034482758621, 0.7195121951219512, 0.5717022441160372] | Time: 10.493720054626465
Result: [0.11877394636015326, 0.896551724137931, 0.7777777777777778, 0.3466666666666667, 0.5593869731800767] | Time: 1.963947057723999
Result: [0.08155446086480567, 0.8275862068965517, 0.746031746031746, 0.3380281690140845, 0.5407772304324028] | Time: 1.4197888374328613
Result: [0.15270935960591137, 0.7241379310344828, 0.5714285714285714, 0.3684210526315789, 0.5763546798029556] | Time: 1.6024799346923828
Result: [0.0, 1.0, 1.0, 0.6847826086956522, 0.5] | Time: 10.958505868911743
Result: [0.04214559386973182, 0.9310344827586207, 0.8888888888888888, 0.3253012048192771, 0.5210727969348659] | Time: 0.9738831520080566
Result: [-0.05309250136836341, 0.9310344827586207, 0.9841269841269841, 0.30337078651685395, 0.4734537493158183] | Time: 1.935870885848999
Result: [0.0, 1.0, 1.0, 0.31521739130434784, 0.5] | Time: 1.5469410419464111
Result: [0.0, 1.0, 1.0, 0.6847826086956522, 0.5] | Time: 4.5146050453186035
Result: [-0.04269293924466344, 0.8620689655172413, 0.9047619047619048, 0.3048780487804878, 0.4786535303776683] | Time: 1.5065860748291016
Result: [0.11056376573617954, 0.7931034482758621, 0.6825396825396826, 0.3484848484848485, 0.5552818828680898] | Time: 1.5498020648956299
Result: [-0.06568144499178985, 0.7619047619047619, 0.8275862068965517, 0.6666666666666666, 0.46715927750410513] | Time: 7.803418874740601
Result: [-0.013683634373289566, 0.8275862068965517, 0.8412698412698413, 0.3116883116883117, 0.4931581828133552] | Time: 1.565657138824463
Result: [-0.06896551724137934, 0.9310344827586207, 1.0, 0.3, 0.46551724137931033] | Time: 1.7096939086914062
Result: [0.15873015873015872, 1.0, 0.8412698412698413, 0.35365853658536583, 0.5793650793650793] | Time: 1.7324740886688232
Result: [0.17898193760262726, 0.6551724137931034, 0.47619047619047616, 0.3877551020408163, 0.5894909688013137] | Time: 1.7989590167999268
Result: [0.0, 1.0, 1.0, 0.31521739130434784, 0.5] | Time: 1.8188936710357666
Result: [0.08045977011494254, 0.41379310344827586, 0.3333333333333333, 0.36363636363636365, 0.5402298850574713] | Time: 1.7405591011047363
Result: [-0.2660098522167488, 0.4482758620689655, 0.7142857142857143, 0.22413793103448276, 0.3669950738916256] | Time: 1.3369359970092773
Result: [-0.05856595511767926, 0.8620689655172413, 0.9206349206349206, 0.30120481927710846, 0.4707170224411604] | Time: 1.6167092323303223
Result: [0.0, 0.0, 0.0, 0.0, 0.5] | Time: 0.9006030559539795
Result: [-0.05582922824302128, 0.896551724137931, 0.9523809523809523, 0.3023255813953488, 0.47208538587848936] | Time: 1.3334200382232666
Result: [0.0, 1.0, 1.0, 0.6847826086956522, 0.5] | Time: 6.024358749389648
Result: [0.0, 1.0, 1.0, 0.31521739130434784, 0.5] | Time: 1.780500888824463
Result: [-0.013683634373289566, 0.8275862068965517, 0.8412698412698413, 0.3116883116883117, 0.4931581828133552] | Time: 1.7421209812164307
Result: [0.0, 1.0, 1.0, 0.31521739130434784, 0.5] | Time: 1.894106149673462
Result: [0.0, 1.0, 1.0, 0.31521739130434784, 0.5] | Time: 1.8225011825561523
Result: [0.0, 1.0, 1.0, 0.31521739130434784, 0.5] | Time: 1.6557049751281738
Result: [0.0, 1.0, 1.0, 0.31521739130434784, 0.5] | Time: 2.0597240924835205
Result: [0.013136288998358059, 0.9655172413793104, 0.9523809523809523, 0.3181818181818182, 0.506568144499179] | Time: 1.2233951091766357
Result: [0.0, 1.0, 1.0, 0.31521739130434784, 0.5] | Time: 2.385831832885742
Result: [-0.07443897099069519, 0.8620689655172413, 0.9365079365079365, 0.2976190476190476, 0.4627805145046524] | Time: 1.2637779712677002
Result: [0.0, 1.0, 1.0, 0.31521739130434784, 0.5] | Time: 0.8571939468383789
Result: [0.0, 1.0, 1.0, 0.31521739130434784, 0.5] | Time: 1.8233020305633545
Result: [0.0, 1.0, 1.0, 0.6847826086956522, 0.5] | Time: 2.8368051052093506
Result: [0.008210180623973731, 0.10344827586206896, 0.09523809523809523, 0.3333333333333333, 0.5041050903119869] | Time: 0.6393849849700928
Result: [-0.0629447181171319, 0.20689655172413793, 0.2698412698412698, 0.2608695652173913, 0.4685276409414341] | Time: 1.432912826538086
Result: [0.0, 0.0, 0.0, 0.0, 0.5] | Time: 4.214627027511597
Result: [0.0, 1.0, 1.0, 0.6847826086956522, 0.5] | Time: 3.118208646774292
Result: [0.0, 1.0, 1.0, 0.31521739130434784, 0.5] | Time: 1.7421870231628418
Result: [0.23535851122058027, 0.9655172413793104, 0.7301587301587301, 0.3783783783783784, 0.6176792556102901] | Time: 1.581986665725708
Result: [-0.08757525998905309, 0.015873015873015872, 0.10344827586206896, 0.25, 0.45621237000547343] | Time: 9.238525867462158
Result: [0.0, 1.0, 1.0, 0.31521739130434784, 0.5] | Time: 1.7974090576171875
Result: [0.034482758620689655, 0.034482758620689655, 0.0, 1.0, 0.5172413793103449] | Time: 0.8851730823516846
Result: [0.0, 0.0, 0.0, 0.0, 0.5] | Time: 1.1917719841003418
Result: [0.18500273672687462, 0.9310344827586207, 0.746031746031746, 0.36486486486486486, 0.5925013683634373] | Time: 1.6600539684295654
Result: [0.0, 1.0, 1.0, 0.31521739130434784, 0.5] | Time: 1.7484002113342285
Result: [-0.03995621237000546, 0.896551724137931, 0.9365079365079365, 0.3058823529411765, 0.48002189381499727] | Time: 1.3085319995880127
Result: [0.0, 1.0, 1.0, 0.6847826086956522, 0.5] | Time: 10.446614980697632
Result: [0.0, 1.0, 1.0, 0.31521739130434784, 0.5] | Time: 0.9353399276733398
Result: [0.0, 1.0, 1.0, 0.31521739130434784, 0.5] | Time: 1.519705057144165
Result: [0.0, 1.0, 1.0, 0.31521739130434784, 0.5] | Time: 1.4749951362609863
Result: [-0.03721948549534759, 0.9310344827586207, 0.9682539682539683, 0.3068181818181818, 0.4813902572523262] | Time: 2.4074082374572754
Result: [0.0, 1.0, 1.0, 0.31521739130434784, 0.5] | Time: 3.036207914352417
Result: [0.07662835249042155, 0.9655172413793104, 0.8888888888888888, 0.3333333333333333, 0.5383141762452108] | Time: 1.9811856746673584
Result: [0.0, 1.0, 1.0, 0.6847826086956522, 0.5] | Time: 9.7274649143219
Result: [0.0, 1.0, 1.0, 0.31521739130434784, 0.5] | Time: 1.3873200416564941
Result: [0.0, 1.0, 1.0, 0.31521739130434784, 0.5] | Time: 1.7739179134368896
Result: [0.0, 1.0, 1.0, 0.31521739130434784, 0.5] | Time: 1.9257609844207764
Result: [-0.16748768472906406, 0.14285714285714285, 0.3103448275862069, 0.5, 0.41625615763546797] | Time: 6.924911260604858
Result: [0.0, 0.0, 0.0, 0.0, 0.5] | Time: 7.5027992725372314
Result: [0.0, 0.0, 0.0, 0.0, 0.5] | Time: 1.3075621128082275
Median results:
nan

Best results:
[]
jmeter:
Result: [0.33333333333333337, 1.0, 0.6666666666666666, 0.3333333333333333, 0.6666666666666667] | Time: 1.4511408805847168
Result: [0.0, 0.0, 0.0, 0.0, 0.5] | Time: 0.6481640338897705
Result: [0.0, 1.0, 1.0, 0.75, 0.5] | Time: 6.5657899379730225
Result: [0.0, 0.0, 0.0, 0.0, 0.5] | Time: 7.935154914855957
Result: [0.0, 0.0, 0.0, 0.0, 0.5] | Time: 7.553663015365601
Result: [0.0, 1.0, 1.0, 0.25, 0.5] | Time: 0.903609037399292
Result: [0.0, 1.0, 1.0, 0.25, 0.5] | Time: 1.3725156784057617
Result: [0.0, 1.0, 1.0, 0.25, 0.5] | Time: 0.6530067920684814
Result: [0.0, 1.0, 1.0, 0.75, 0.5] | Time: 6.798443078994751
Result: [0.0, 0.0, 0.0, 0.0, 0.5] | Time: 0.8903012275695801
Result: [0.0, 0.0, 0.0, 0.0, 0.5] | Time: 0.9726212024688721
Result: [0.0, 0.0, 0.0, 0.0, 0.5] | Time: 0.49384093284606934
Result: [0.0, 1.0, 1.0, 0.75, 0.5] | Time: 7.136183023452759
Result: [0.6666666666666666, 0.6666666666666666, 0.0, 1.0, 0.8333333333333333] | Time: 6.598296880722046
Result: [0.0, 0.0, 0.0, 0.0, 0.5] | Time: 5.922263145446777
Result: [0.0, 0.0, 0.0, 0.0, 0.5] | Time: 7.377938747406006
Result: [0.0, 1.0, 1.0, 0.75, 0.5] | Time: 3.321152925491333
Result: [0.0, 1.0, 1.0, 0.75, 0.5] | Time: 5.94959282875061
Result: [0.0, 1.0, 1.0, 0.75, 0.5] | Time: 5.9547998905181885
Result: [0.0, 0.0, 0.0, 0.0, 0.5] | Time: 1.2653369903564453
Result: [0.0, 1.0, 1.0, 0.25, 0.5] | Time: 1.427053689956665
Result: [0.0, 1.0, 1.0, 0.75, 0.5] | Time: 5.812623023986816
Result: [0.0, 1.0, 1.0, 0.75, 0.5] | Time: 7.157724857330322
Result: [0.0, 0.0, 0.0, 0.0, 0.5] | Time: 0.722736120223999
Result: [0.0, 0.0, 0.0, 0.0, 0.5] | Time: 7.376532077789307
Result: [0.0, 0.0, 0.0, 0.0, 0.5] | Time: 0.8261129856109619
Result: [0.0, 1.0, 1.0, 0.75, 0.5] | Time: 6.030083894729614
Result: [0.0, 1.0, 1.0, 0.75, 0.5] | Time: 6.1336469650268555
Result: [0.0, 1.0, 1.0, 0.75, 0.5] | Time: 5.9079909324646
Result: [0.0, 0.0, 0.0, 0.0, 0.5] | Time: 6.686952114105225
Result: [0.6666666666666667, 1.0, 0.3333333333333333, 0.5, 0.8333333333333334] | Time: 1.2274610996246338
Result: [0.0, 0.0, 0.0, 0.0, 0.5] | Time: 1.0336098670959473
Result: [0.0, 1.0, 1.0, 0.25, 0.5] | Time: 1.3672442436218262
Result: [0.33333333333333337, 1.0, 0.6666666666666666, 0.3333333333333333, 0.6666666666666667] | Time: 1.4575390815734863
Result: [0.0, 0.0, 0.0, 0.0, 0.5] | Time: 1.0785200595855713
Result: [0.0, 0.0, 0.0, 0.0, 0.5] | Time: 0.7324867248535156
Result: [0.0, 1.0, 1.0, 0.25, 0.5] | Time: 1.3928139209747314
Result: [0.0, 0.0, 0.0, 0.0, 0.5] | Time: 1.1399390697479248
Result: [0.0, 1.0, 1.0, 0.25, 0.5] | Time: 1.3859598636627197
Result: [0.0, 0.0, 0.0, 0.0, 0.5] | Time: 0.7184908390045166
Result: [0.0, 0.0, 0.0, 0.0, 0.5] | Time: 1.3621108531951904
Result: [0.6666666666666667, 1.0, 0.3333333333333333, 0.5, 0.8333333333333334] | Time: 1.2226223945617676
Result: [0.33333333333333337, 1.0, 0.6666666666666666, 0.3333333333333333, 0.6666666666666667] | Time: 0.6933400630950928
Result: [0.0, 1.0, 1.0, 0.75, 0.5] | Time: 6.545928001403809
Result: [0.0, 1.0, 1.0, 0.25, 0.5] | Time: 1.414466142654419
Result: [0.0, 1.0, 1.0, 0.25, 0.5] | Time: 1.409209966659546
Result: [0.0, 1.0, 1.0, 0.25, 0.5] | Time: 1.6968600749969482
Result: [0.0, 0.0, 0.0, 0.0, 0.5] | Time: 1.7067348957061768
Result: [0.33333333333333337, 1.0, 0.6666666666666666, 0.3333333333333333, 0.6666666666666667] | Time: 1.3855617046356201
Result: [0.0, 1.0, 1.0, 0.25, 0.5] | Time: 1.2004289627075195
Result: [0.0, 0.0, 0.0, 0.0, 0.5] | Time: 0.7784428596496582
Result: [0.0, 1.0, 1.0, 0.75, 0.5] | Time: 7.143167018890381
Result: [0.0, 0.0, 0.0, 0.0, 0.5] | Time: 0.7068769931793213
Result: [0.0, 1.0, 1.0, 0.25, 0.5] | Time: 0.6523449420928955
Result: [0.0, 1.0, 1.0, 0.25, 0.5] | Time: 0.5668816566467285
Result: [0.0, 0.0, 0.0, 0.0, 0.5] | Time: 6.203471899032593
Result: [0.0, 0.0, 0.0, 0.0, 0.5] | Time: 0.6389420032501221
Result: [0.0, 0.0, 0.0, 0.0, 0.5] | Time: 1.249094009399414
Result: [0.0, 1.0, 1.0, 0.75, 0.5] | Time: 6.269544839859009
Result: [0.0, 0.0, 0.0, 0.0, 0.5] | Time: 6.816087961196899
Result: [0.0, 0.0, 0.0, 0.0, 0.5] | Time: 0.5801079273223877
Result: [0.0, 1.0, 1.0, 0.25, 0.5] | Time: 0.6199722290039062
Result: [0.6666666666666667, 1.0, 0.3333333333333333, 0.5, 0.8333333333333334] | Time: 1.2696309089660645
Result: [0.0, 0.0, 0.0, 0.0, 0.5] | Time: 0.7395772933959961
Result: [0.0, 0.0, 0.0, 0.0, 0.5] | Time: 1.3308930397033691
Result: [0.0, 1.0, 1.0, 0.25, 0.5] | Time: 0.9373807907104492
Result: [0.0, 1.0, 1.0, 0.75, 0.5] | Time: 6.941152811050415
Result: [-0.6666666666666666, 0.0, 0.6666666666666666, 0.0, 0.16666666666666669] | Time: 1.3831870555877686
Result: [0.0, 1.0, 1.0, 0.25, 0.5] | Time: 1.354241132736206
Result: [0.0, 1.0, 1.0, 0.25, 0.5] | Time: 1.255375862121582
Result: [0.0, 1.0, 1.0, 0.25, 0.5] | Time: 0.6979172229766846
Result: [0.6666666666666667, 1.0, 0.3333333333333333, 0.5, 0.8333333333333334] | Time: 0.9625539779663086
Result: [0.33333333333333337, 1.0, 0.6666666666666666, 0.3333333333333333, 0.6666666666666667] | Time: 1.1550321578979492
Result: [0.0, 0.0, 0.0, 0.0, 0.5] | Time: 0.5966029167175293
Result: [0.0, 1.0, 1.0, 0.25, 0.5] | Time: 1.2037320137023926
Result: [-1.0, 0.0, 1.0, 0.0, 0.0] | Time: 0.597733736038208
Result: [0.0, 1.0, 1.0, 0.25, 0.5] | Time: 1.3196187019348145
Result: [0.0, 1.0, 1.0, 0.25, 0.5] | Time: 0.660484790802002
Result: [0.0, 1.0, 1.0, 0.75, 0.5] | Time: 6.415067911148071
Result: [0.0, 1.0, 1.0, 0.75, 0.5] | Time: 3.881585121154785
Result: [0.0, 0.0, 0.0, 0.0, 0.5] | Time: 0.5843188762664795
Result: [0.0, 1.0, 1.0, 0.25, 0.5] | Time: 1.3075141906738281
Result: [0.0, 0.0, 0.0, 0.0, 0.5] | Time: 6.744291067123413
Result: [0.0, 0.0, 0.0, 0.0, 0.5] | Time: 1.0806968212127686
Result: [0.0, 1.0, 1.0, 0.25, 0.5] | Time: 1.2461659908294678
Result: [0.0, 1.0, 1.0, 0.25, 0.5] | Time: 1.053812026977539
Result: [-0.3333333333333333, 0.0, 0.3333333333333333, 0.0, 0.33333333333333337] | Time: 0.8515679836273193
Result: [0.0, 0.0, 0.0, 0.0, 0.5] | Time: 6.81181788444519
Result: [0.0, 1.0, 1.0, 0.25, 0.5] | Time: 1.4532628059387207
Result: [0.0, 1.0, 1.0, 0.75, 0.5] | Time: 6.70238184928894
Result: [0.33333333333333337, 1.0, 0.6666666666666666, 0.3333333333333333, 0.6666666666666667] | Time: 1.4582769870758057
Result: [0.0, 1.0, 1.0, 0.25, 0.5] | Time: 1.5308289527893066
Result: [0.0, 0.0, 0.0, 0.0, 0.5] | Time: 0.6488208770751953
Result: [0.0, 1.0, 1.0, 0.25, 0.5] | Time: 1.1484930515289307
Result: [0.0, 1.0, 1.0, 0.75, 0.5] | Time: 6.8031041622161865
Result: [-1.0, 0.0, 1.0, 0.0, 0.0] | Time: 3.795443058013916
Result: [0.0, 1.0, 1.0, 0.25, 0.5] | Time: 1.005737066268921
Result: [0.0, 1.0, 1.0, 0.25, 0.5] | Time: 0.722161054611206
Result: [0.0, 0.0, 0.0, 0.0, 0.5] | Time: 6.158859968185425
Result: [0.0, 1.0, 1.0, 0.25, 0.5] | Time: 1.0450520515441895
Result: [0.0, 0.0, 0.0, 0.0, 0.5] | Time: 0.8423941135406494
Result: [0.0, 0.0, 0.0, 0.0, 0.5] | Time: 0.6966719627380371
Result: [-0.3333333333333333, 0.0, 0.3333333333333333, 0.0, 0.33333333333333337] | Time: 1.4606270790100098
Result: [0.33333333333333337, 1.0, 0.6666666666666666, 0.3333333333333333, 0.6666666666666667] | Time: 1.0088508129119873
Result: [0.0, 0.0, 0.0, 0.0, 0.5] | Time: 0.6334347724914551
Result: [0.0, 0.0, 0.0, 0.0, 0.5] | Time: 1.3770601749420166
Result: [0.0, 1.0, 1.0, 0.25, 0.5] | Time: 0.9991381168365479
Result: [0.0, 0.0, 0.0, 0.0, 0.5] | Time: 1.0046899318695068
Result: [0.33333333333333337, 1.0, 0.6666666666666666, 0.3333333333333333, 0.6666666666666667] | Time: 1.5112478733062744
Result: [0.0, 0.0, 0.0, 0.0, 0.5] | Time: 0.660283088684082
Result: [0.0, 1.0, 1.0, 0.25, 0.5] | Time: 1.4651572704315186
Result: [0.0, 0.0, 0.0, 0.0, 0.5] | Time: 0.6830956935882568
Result: [0.0, 0.0, 0.0, 0.0, 0.5] | Time: 0.8669600486755371
Result: [0.0, 0.0, 0.0, 0.0, 0.5] | Time: 7.028911828994751
Result: [0.0, 1.0, 1.0, 0.25, 0.5] | Time: 0.6222460269927979
Result: [0.0, 1.0, 1.0, 0.25, 0.5] | Time: 0.9964649677276611
Result: [0.0, 1.0, 1.0, 0.25, 0.5] | Time: 0.8316447734832764
Result: [0.33333333333333337, 1.0, 0.6666666666666666, 0.3333333333333333, 0.6666666666666667] | Time: 1.3570728302001953
Result: [0.0, 1.0, 1.0, 0.25, 0.5] | Time: 1.2046799659729004
Result: [-0.6666666666666666, 0.0, 0.6666666666666666, 0.0, 0.16666666666666669] | Time: 1.3096411228179932
Result: [0.0, 1.0, 1.0, 0.25, 0.5] | Time: 0.7490582466125488
Result: [0.0, 1.0, 1.0, 0.25, 0.5] | Time: 1.2276818752288818
Result: [0.0, 0.0, 0.0, 0.0, 0.5] | Time: 0.729835033416748
Result: [0.0, 1.0, 1.0, 0.25, 0.5] | Time: 0.9270949363708496
Result: [-1.0, 0.0, 1.0, 0.0, 0.0] | Time: 1.3872158527374268
Result: [0.0, 0.0, 0.0, 0.0, 0.5] | Time: 7.0710859298706055
Result: [0.0, 1.0, 1.0, 0.25, 0.5] | Time: 1.335766077041626
Result: [-0.3333333333333333, 0.0, 0.3333333333333333, 0.0, 0.33333333333333337] | Time: 0.8674211502075195
Result: [0.0, 0.0, 0.0, 0.0, 0.5] | Time: 0.6942830085754395
Result: [0.0, 1.0, 1.0, 0.75, 0.5] | Time: 7.711469888687134
Result: [0.0, 0.0, 0.0, 0.0, 0.5] | Time: 7.1119301319122314
Result: [1.0, 1.0, 0.0, 1.0, 1.0] | Time: 0.7117156982421875
Result: [1.0, 1.0, 0.0, 1.0, 1.0] | Time: 1.2842071056365967
Result: [0.33333333333333337, 1.0, 0.6666666666666666, 0.3333333333333333, 0.6666666666666667] | Time: 1.0461008548736572
Result: [0.0, 1.0, 1.0, 0.75, 0.5] | Time: 7.2170188426971436
Result: [-1.0, 0.0, 1.0, 0.0, 0.0] | Time: 1.370727777481079
Result: [0.0, 0.0, 0.0, 0.0, 0.5] | Time: 0.5512800216674805
Result: [0.0, 0.0, 0.0, 0.0, 0.5] | Time: 1.2035892009735107
Result: [0.0, 1.0, 1.0, 0.25, 0.5] | Time: 0.790410041809082
Result: [0.0, 1.0, 1.0, 0.25, 0.5] | Time: 1.404757022857666
Result: [0.0, 0.0, 0.0, 0.0, 0.5] | Time: 1.048860788345337
Result: [0.0, 1.0, 1.0, 0.75, 0.5] | Time: 6.166872978210449
Result: [0.0, 0.0, 0.0, 0.0, 0.5] | Time: 6.725368022918701
Result: [0.0, 1.0, 1.0, 0.25, 0.5] | Time: 0.9575650691986084
Result: [0.0, 0.0, 0.0, 0.0, 0.5] | Time: 1.382270097732544
Result: [0.0, 1.0, 1.0, 0.75, 0.5] | Time: 7.107923269271851
Result: [0.0, 1.0, 1.0, 0.75, 0.5] | Time: 6.954927921295166
Result: [0.0, 0.0, 0.0, 0.0, 0.5] | Time: 1.5015897750854492
Result: [0.0, 0.0, 0.0, 0.0, 0.5] | Time: 1.013288974761963
Result: [0.0, 1.0, 1.0, 0.75, 0.5] | Time: 6.649627923965454
Median results:
nan

Best results:
[]
lucene-solr:
Result: [0.0, 0.5, 0.5, 0.3333333333333333, 0.5] | Time: 1.3617589473724365
Result: [0.0, 1.0, 1.0, 0.6666666666666666, 0.5] | Time: 6.747206926345825
Result: [0.0, 1.0, 1.0, 0.3333333333333333, 0.5] | Time: 0.5684840679168701
Result: [-0.5, 0.0, 0.5, 0.0, 0.25] | Time: 0.9706020355224609
Result: [0.25, 1.0, 0.75, 0.4, 0.625] | Time: 1.4679291248321533
Result: [0.0, 0.0, 0.0, 0.0, 0.5] | Time: 0.6228899955749512
Result: [0.0, 1.0, 1.0, 0.6666666666666666, 0.5] | Time: 7.198474884033203
Result: [0.0, 1.0, 1.0, 0.6666666666666666, 0.5] | Time: 7.11263370513916
Result: [0.0, 1.0, 1.0, 0.3333333333333333, 0.5] | Time: 0.7660231590270996
Result: [0.0, 0.0, 0.0, 0.0, 0.5] | Time: 0.7432639598846436
Result: [0.0, 1.0, 1.0, 0.3333333333333333, 0.5] | Time: 1.1944010257720947
Result: [0.0, 1.0, 1.0, 0.3333333333333333, 0.5] | Time: 0.7910592555999756
Result: [0.0, 1.0, 1.0, 0.3333333333333333, 0.5] | Time: 1.2892811298370361
Result: [-0.25, 0.5, 0.75, 0.25, 0.375] | Time: 0.6637380123138428
Result: [0.0, 1.0, 1.0, 0.3333333333333333, 0.5] | Time: 1.4737248420715332
Result: [0.0, 1.0, 1.0, 0.6666666666666666, 0.5] | Time: 7.5730299949646
Result: [-0.25, 0.0, 0.25, 0.0, 0.375] | Time: 0.641146183013916
Result: [0.0, 0.0, 0.0, 0.0, 0.5] | Time: 0.8285980224609375
Result: [-0.25, 0.0, 0.25, 0.0, 0.375] | Time: 1.3902058601379395
Result: [0.0, 0.0, 0.0, 0.0, 0.5] | Time: 0.5515189170837402
Result: [0.0, 1.0, 1.0, 0.3333333333333333, 0.5] | Time: 0.8440308570861816
Result: [-0.25, 0.25, 0.5, 0.5, 0.375] | Time: 7.286931276321411
Result: [0.0, 0.0, 0.0, 0.0, 0.5] | Time: 0.7330060005187988
Result: [0.0, 1.0, 1.0, 0.6666666666666666, 0.5] | Time: 7.019330978393555
Result: [0.0, 1.0, 1.0, 0.3333333333333333, 0.5] | Time: 1.467296838760376
Result: [0.0, 1.0, 1.0, 0.3333333333333333, 0.5] | Time: 1.2252957820892334
Result: [0.0, 1.0, 1.0, 0.6666666666666666, 0.5] | Time: 7.241873264312744
Result: [0.0, 1.0, 1.0, 0.3333333333333333, 0.5] | Time: 0.8968749046325684
Result: [-0.25, 0.5, 0.75, 0.25, 0.375] | Time: 1.3798630237579346
Result: [0.0, 1.0, 1.0, 0.3333333333333333, 0.5] | Time: 1.3967881202697754
Result: [0.0, 0.0, 0.0, 0.0, 0.5] | Time: 0.900266170501709
Result: [0.0, 0.0, 0.0, 0.0, 0.5] | Time: 0.6116189956665039
Result: [0.5, 0.5, 0.0, 1.0, 0.75] | Time: 1.3484501838684082
Result: [0.0, 0.5, 0.5, 0.3333333333333333, 0.5] | Time: 1.5193331241607666
Result: [0.0, 1.0, 1.0, 0.6666666666666666, 0.5] | Time: 6.798999071121216
Result: [0.0, 0.0, 0.0, 0.0, 0.5] | Time: 0.4771909713745117
Result: [0.0, 1.0, 1.0, 0.3333333333333333, 0.5] | Time: 1.3529407978057861
Result: [0.0, 1.0, 1.0, 0.3333333333333333, 0.5] | Time: 0.6869173049926758
Result: [0.0, 1.0, 1.0, 0.3333333333333333, 0.5] | Time: 0.7647609710693359
Result: [0.0, 1.0, 1.0, 0.3333333333333333, 0.5] | Time: 0.8463060855865479
Result: [0.0, 1.0, 1.0, 0.3333333333333333, 0.5] | Time: 0.7479310035705566
Result: [0.0, 0.0, 0.0, 0.0, 0.5] | Time: 6.563495874404907
Result: [0.0, 0.0, 0.0, 0.0, 0.5] | Time: 0.6633479595184326
Result: [0.5, 1.0, 0.5, 0.5, 0.75] | Time: 1.3785018920898438
Result: [0.0, 0.0, 0.0, 0.0, 0.5] | Time: 0.6242091655731201
Result: [0.0, 1.0, 1.0, 0.3333333333333333, 0.5] | Time: 1.4040460586547852
Result: [0.25, 1.0, 0.75, 0.4, 0.625] | Time: 0.9003698825836182
Result: [0.25, 1.0, 0.75, 0.4, 0.625] | Time: 1.3710649013519287
Result: [-0.25, 0.5, 0.75, 0.25, 0.375] | Time: 1.108031988143921
Result: [-0.75, 0.0, 0.75, 0.0, 0.125] | Time: 1.2060050964355469
Result: [0.0, 0.5, 0.5, 0.3333333333333333, 0.5] | Time: 1.294792890548706
Result: [-0.25, 0.0, 0.25, 0.0, 0.375] | Time: 1.2728021144866943
Result: [0.0, 0.0, 0.0, 0.0, 0.5] | Time: 1.475419282913208
Result: [0.0, 0.0, 0.0, 0.0, 0.5] | Time: 0.736137866973877
Result: [0.0, 0.0, 0.0, 0.0, 0.5] | Time: 0.8373818397521973
Result: [-0.75, 0.0, 0.75, 0.0, 0.125] | Time: 0.7185049057006836
Result: [0.0, 1.0, 1.0, 0.3333333333333333, 0.5] | Time: 1.3772659301757812
Result: [-0.25, 0.5, 0.75, 0.25, 0.375] | Time: 1.2765049934387207
Result: [0.0, 1.0, 1.0, 0.6666666666666666, 0.5] | Time: 7.654340028762817
Result: [0.0, 1.0, 1.0, 0.3333333333333333, 0.5] | Time: 1.6529300212860107
Result: [-0.5, 0.0, 0.5, 0.0, 0.25] | Time: 1.014146089553833
Result: [0.0, 0.0, 0.0, 0.0, 0.5] | Time: 1.3930599689483643
Result: [0.0, 1.0, 1.0, 0.3333333333333333, 0.5] | Time: 0.6017670631408691
Result: [0.0, 1.0, 1.0, 0.3333333333333333, 0.5] | Time: 1.2180631160736084
Result: [0.0, 0.0, 0.0, 0.0, 0.5] | Time: 1.463594913482666
Result: [0.0, 0.0, 0.0, 0.0, 0.5] | Time: 0.6240968704223633
Result: [0.0, 1.0, 1.0, 0.3333333333333333, 0.5] | Time: 1.3847980499267578
Result: [-0.25, 0.0, 0.25, 0.0, 0.375] | Time: 1.0140485763549805
Result: [0.0, 0.0, 0.0, 0.0, 0.5] | Time: 1.4482853412628174
Result: [0.0, 1.0, 1.0, 0.3333333333333333, 0.5] | Time: 0.840872049331665
Result: [0.0, 1.0, 1.0, 0.6666666666666666, 0.5] | Time: 7.289635181427002
Result: [0.0, 1.0, 1.0, 0.3333333333333333, 0.5] | Time: 0.9568681716918945
Result: [0.0, 0.0, 0.0, 0.0, 0.5] | Time: 4.203452110290527
Result: [0.0, 1.0, 1.0, 0.3333333333333333, 0.5] | Time: 1.2803740501403809
Result: [0.0, 0.0, 0.0, 0.0, 0.5] | Time: 1.0407860279083252
Result: [0.0, 1.0, 1.0, 0.6666666666666666, 0.5] | Time: 8.044686079025269
Result: [0.0, 1.0, 1.0, 0.3333333333333333, 0.5] | Time: 1.3037049770355225
Result: [-0.25, 0.25, 0.5, 0.5, 0.375] | Time: 7.6834752559661865
Result: [0.25, 1.0, 0.75, 0.4, 0.625] | Time: 0.6821651458740234
Result: [0.0, 1.0, 1.0, 0.3333333333333333, 0.5] | Time: 1.4391260147094727
Result: [0.0, 1.0, 1.0, 0.3333333333333333, 0.5] | Time: 0.907630205154419
Result: [0.0, 0.0, 0.0, 0.0, 0.5] | Time: 6.917731046676636
Result: [0.0, 0.5, 0.5, 0.3333333333333333, 0.5] | Time: 1.035897970199585
Result: [0.0, 0.0, 0.0, 0.0, 0.5] | Time: 7.508893966674805
Result: [0.0, 1.0, 1.0, 0.6666666666666666, 0.5] | Time: 6.700752019882202
Result: [0.0, 0.0, 0.0, 0.0, 0.5] | Time: 0.8601877689361572
Result: [0.0, 1.0, 1.0, 0.3333333333333333, 0.5] | Time: 1.0075750350952148
Result: [-0.5, 0.5, 1.0, 0.2, 0.25] | Time: 1.3078680038452148
Result: [0.0, 1.0, 1.0, 0.6666666666666666, 0.5] | Time: 7.93346095085144
Result: [0.0, 1.0, 1.0, 0.6666666666666666, 0.5] | Time: 7.735702037811279
Result: [0.0, 0.0, 0.0, 0.0, 0.5] | Time: 0.7532327175140381
Result: [-0.5, 0.0, 0.5, 0.0, 0.25] | Time: 1.25697922706604
Result: [-0.5, 0.0, 0.5, 0.0, 0.25] | Time: 1.3278682231903076
Result: [0.0, 0.0, 0.0, 0.0, 0.5] | Time: 1.5730960369110107
Result: [0.0, 0.0, 0.0, 0.0, 0.5] | Time: 1.4061908721923828
Result: [0.0, 1.0, 1.0, 0.3333333333333333, 0.5] | Time: 1.3628730773925781
Result: [0.25, 0.5, 0.25, 0.5, 0.625] | Time: 1.4169931411743164
Result: [0.0, 1.0, 1.0, 0.6666666666666666, 0.5] | Time: 7.396621942520142
Result: [0.25, 1.0, 0.75, 0.4, 0.625] | Time: 1.1324548721313477
Result: [0.0, 0.0, 0.0, 0.0, 0.5] | Time: 0.8054430484771729
Result: [0.0, 0.0, 0.0, 0.0, 0.5] | Time: 1.3604187965393066
Result: [0.0, 1.0, 1.0, 0.3333333333333333, 0.5] | Time: 0.9622719287872314
Result: [-0.25, 0.0, 0.25, 0.0, 0.375] | Time: 1.2261278629302979
Result: [0.0, 0.5, 0.5, 0.3333333333333333, 0.5] | Time: 1.2128381729125977
Result: [0.0, 0.0, 0.0, 0.0, 0.5] | Time: 7.521360874176025
Result: [0.0, 0.0, 0.0, 0.0, 0.5] | Time: 1.1331310272216797
Result: [0.25, 1.0, 0.75, 0.4, 0.625] | Time: 1.3323869705200195
Result: [0.0, 0.0, 0.0, 0.0, 0.5] | Time: 0.9261236190795898
Result: [-0.25, 0.5, 0.75, 0.25, 0.375] | Time: 1.2818901538848877
Result: [0.0, 1.0, 1.0, 0.6666666666666666, 0.5] | Time: 7.503370046615601
Result: [0.0, 0.0, 0.0, 0.0, 0.5] | Time: 1.3843390941619873
Result: [0.0, 0.0, 0.0, 0.0, 0.5] | Time: 0.9655301570892334
Result: [0.5, 0.5, 0.0, 1.0, 0.75] | Time: 1.535262107849121
Result: [0.0, 0.5, 0.5, 0.3333333333333333, 0.5] | Time: 1.0173351764678955
Result: [0.25, 0.5, 0.25, 0.5, 0.625] | Time: 1.3847148418426514
Result: [0.0, 1.0, 1.0, 0.3333333333333333, 0.5] | Time: 0.6777701377868652
Result: [0.25, 1.0, 0.75, 0.4, 0.625] | Time: 1.2975728511810303
Result: [0.25, 0.75, 0.5, 0.75, 0.625] | Time: 8.076728105545044
Result: [0.0, 0.0, 0.0, 0.0, 0.5] | Time: 7.632262945175171
Result: [0.0, 1.0, 1.0, 0.6666666666666666, 0.5] | Time: 8.19948697090149
Result: [0.0, 1.0, 1.0, 0.3333333333333333, 0.5] | Time: 0.7853760719299316
Result: [0.0, 1.0, 1.0, 0.3333333333333333, 0.5] | Time: 1.0506961345672607
Result: [0.25, 0.5, 0.25, 0.5, 0.625] | Time: 0.6390659809112549
Result: [0.0, 0.0, 0.0, 0.0, 0.5] | Time: 7.049549102783203
Result: [0.0, 0.0, 0.0, 0.0, 0.5] | Time: 6.874868392944336
Result: [0.0, 0.0, 0.0, 0.0, 0.5] | Time: 7.712385177612305
Result: [-0.25, 0.0, 0.25, 0.0, 0.375] | Time: 1.4774951934814453
Result: [0.0, 0.0, 0.0, 0.0, 0.5] | Time: 0.8963189125061035
Result: [-0.25, 0.5, 0.75, 0.25, 0.375] | Time: 1.4179301261901855
Result: [0.0, 0.0, 0.0, 0.0, 0.0] | Time: 0.7974190711975098
Result: [0.75, 1.0, 0.25, 0.6666666666666666, 0.875] | Time: 1.3069980144500732
Result: [-0.25, 0.0, 0.25, 0.0, 0.375] | Time: 1.4170081615447998
Result: [0.25, 0.5, 0.25, 0.5, 0.625] | Time: 1.2880887985229492
Result: [0.0, 1.0, 1.0, 0.3333333333333333, 0.5] | Time: 1.4010331630706787
Result: [0.5, 1.0, 0.5, 0.5, 0.75] | Time: 1.4293630123138428
Result: [0.0, 0.0, 0.0, 0.0, 0.5] | Time: 4.511491298675537
Result: [0.0, 0.0, 0.0, 0.0, 0.5] | Time: 0.6620869636535645
Result: [-0.25, 0.5, 0.75, 0.25, 0.375] | Time: 1.4113638401031494
Result: [0.0, 0.0, 0.0, 0.0, 0.5] | Time: 9.050695896148682
Result: [0.0, 1.0, 1.0, 0.6666666666666666, 0.5] | Time: 9.364197731018066
Result: [0.0, 0.5, 0.5, 0.3333333333333333, 0.5] | Time: 1.2062959671020508
Result: [0.0, 1.0, 1.0, 0.6666666666666666, 0.5] | Time: 9.207673072814941
Result: [0.0, 1.0, 1.0, 0.6666666666666666, 0.5] | Time: 8.206448078155518
Result: [0.0, 1.0, 1.0, 0.6666666666666666, 0.5] | Time: 8.398788213729858
Result: [0.0, 0.0, 0.0, 0.0, 0.5] | Time: 1.3952629566192627
Result: [0.0, 0.0, 0.0, 0.0, 0.5] | Time: 7.7390336990356445
Result: [0.5, 0.5, 0.0, 1.0, 0.75] | Time: 7.538145065307617
Result: [-0.25, 0.5, 0.75, 0.25, 0.375] | Time: 0.9523401260375977
Result: [0.0, 0.0, 0.0, 0.0, 0.5] | Time: 3.6947309970855713
Result: [0.0, 0.0, 0.0, 0.0, 0.5] | Time: 7.577828884124756
Median results:
nan

Best results:
[]
maven:
Result: [0.0, 1.0, 1.0, 0.5, 0.5] | Time: 2.3625662326812744
Result: [0.0, 0.0, 0.0, 0.0, 0.0] | Time: 0.00036716461181640625
Result: [0.0, 0.0, 0.0, 0.0, 0.5] | Time: 2.2332170009613037
Result: [0.0, 0.0, 0.0, 0.0, 0.0] | Time: 0.0003578662872314453
Result: [0.0, 0.0, 0.0, 0.0, 0.5] | Time: 1.0406901836395264
Result: [0.0, 0.0, 0.0, 0.0, 0.0] | Time: 0.00026106834411621094
Result: [1.0, 1.0, 0.0, 1.0, 1.0] | Time: 2.096414089202881
Result: [0.0, 0.0, 0.0, 0.0, 0.5] | Time: 0.7787137031555176
Result: [0.0, 0.0, 0.0, 0.0, 0.5] | Time: 1.1586639881134033
Result: [-1.0, 0.0, 1.0, 0.0, 0.0] | Time: 1.4933102130889893
Result: [0.0, 0.0, 0.0, 0.0, 0.0] | Time: 0.00026679039001464844
Result: [-1.0, 0.0, 1.0, 0.0, 0.0] | Time: 1.3384408950805664
Result: [0.0, 0.0, 0.0, 0.0, 0.0] | Time: 0.00020384788513183594
Result: [0.0, 1.0, 1.0, 0.5, 0.5] | Time: 0.5964279174804688
Result: [0.0, 1.0, 1.0, 0.5, 0.5] | Time: 1.5434770584106445
Result: [0.0, 0.0, 0.0, 0.0, 0.5] | Time: 0.7211310863494873
Result: [0.0, 1.0, 1.0, 0.5, 0.5] | Time: 1.3469667434692383
Result: [0.0, 0.0, 0.0, 0.0, 0.0] | Time: 0.00021791458129882812
Result: [0.0, 0.0, 0.0, 0.0, 0.0] | Time: 0.00019621849060058594
Result: [1.0, 1.0, 0.0, 1.0, 1.0] | Time: 1.5292441844940186
Result: [0.0, 1.0, 1.0, 0.5, 0.5] | Time: 3.439948081970215
Result: [0.0, 0.0, 0.0, 0.0, 0.0] | Time: 0.0002579689025878906
Result: [0.0, 0.0, 0.0, 0.0, 0.5] | Time: 0.7178890705108643
Result: [1.0, 1.0, 0.0, 1.0, 1.0] | Time: 1.477616786956787
Result: [0.0, 0.0, 0.0, 0.0, 0.5] | Time: 0.7254059314727783
Result: [0.0, 0.0, 0.0, 0.0, 0.0] | Time: 0.00020766258239746094
Result: [0.0, 0.0, 0.0, 0.0, 0.5] | Time: 0.4821739196777344
Result: [0.0, 1.0, 1.0, 0.5, 0.5] | Time: 2.083465814590454
Result: [1.0, 1.0, 0.0, 1.0, 1.0] | Time: 1.810460090637207
Result: [0.0, 0.0, 0.0, 0.0, 0.0] | Time: 0.00024008750915527344
Result: [-1.0, 0.0, 1.0, 0.0, 0.0] | Time: 1.7537379264831543
Result: [0.0, 0.0, 0.0, 0.0, 0.0] | Time: 0.00022292137145996094
Result: [0.0, 0.0, 0.0, 0.0, 0.5] | Time: 1.3567910194396973
Result: [0.0, 0.0, 0.0, 0.0, 0.5] | Time: 0.8480298519134521
Result: [-1.0, 0.0, 1.0, 0.0, 0.0] | Time: 3.599827289581299
Result: [0.0, 0.0, 0.0, 0.0, 0.0] | Time: 0.0002880096435546875
Result: [0.0, 0.0, 0.0, 0.0, 0.5] | Time: 3.772528886795044
Result: [0.0, 0.0, 0.0, 0.0, 0.5] | Time: 1.5420067310333252
Result: [0.0, 0.0, 0.0, 0.0, 0.5] | Time: 1.2313439846038818
Result: [0.0, 0.0, 0.0, 0.0, 0.5] | Time: 2.2075998783111572
Result: [-1.0, 0.0, 1.0, 0.0, 0.0] | Time: 1.2080750465393066
Result: [0.0, 0.0, 0.0, 0.0, 0.5] | Time: 1.2745990753173828
Result: [0.0, 0.0, 0.0, 0.0, 0.5] | Time: 0.5438909530639648
Result: [-1.0, 0.0, 1.0, 0.0, 0.0] | Time: 1.3678650856018066
Result: [0.0, 0.0, 0.0, 0.0, 0.0] | Time: 0.00022411346435546875
Result: [0.0, 1.0, 1.0, 0.5, 0.5] | Time: 1.3716342449188232
Result: [0.0, 0.0, 0.0, 0.0, 0.0] | Time: 0.00020194053649902344
Result: [0.0, 1.0, 1.0, 0.5, 0.5] | Time: 1.287449836730957
Result: [1.0, 1.0, 0.0, 1.0, 1.0] | Time: 1.3025312423706055
Result: [0.0, 0.0, 0.0, 0.0, 0.0] | Time: 0.00021409988403320312
Result: [0.0, 0.0, 0.0, 0.0, 0.5] | Time: 1.2008237838745117
Result: [-1.0, 0.0, 1.0, 0.0, 0.0] | Time: 1.4123308658599854
Result: [0.0, 1.0, 1.0, 0.5, 0.5] | Time: 2.5412611961364746
Result: [1.0, 1.0, 0.0, 1.0, 1.0] | Time: 3.052744150161743
Result: [0.0, 0.0, 0.0, 0.0, 0.0] | Time: 0.000209808349609375
Result: [0.0, 1.0, 1.0, 0.5, 0.5] | Time: 1.2396280765533447
Result: [0.0, 0.0, 0.0, 0.0, 0.0] | Time: 0.00018978118896484375
Result: [0.0, 1.0, 1.0, 0.5, 0.5] | Time: 2.9174578189849854
Result: [0.0, 0.0, 0.0, 0.0, 0.0] | Time: 0.00020384788513183594
Result: [-1.0, 0.0, 1.0, 0.0, 0.0] | Time: 2.9659178256988525
Result: [0.0, 1.0, 1.0, 0.5, 0.5] | Time: 0.9714491367340088
Result: [0.0, 0.0, 0.0, 0.0, 0.0] | Time: 0.00017905235290527344
Result: [0.0, 0.0, 0.0, 0.0, 0.5] | Time: 0.5349640846252441
Result: [0.0, 1.0, 1.0, 0.5, 0.5] | Time: 1.3906948566436768
Result: [0.0, 1.0, 1.0, 0.5, 0.5] | Time: 1.5006599426269531
Result: [1.0, 1.0, 0.0, 1.0, 1.0] | Time: 1.347693920135498
Result: [1.0, 1.0, 0.0, 1.0, 1.0] | Time: 1.1945321559906006
Result: [0.0, 1.0, 1.0, 0.5, 0.5] | Time: 1.506889820098877
Result: [1.0, 1.0, 0.0, 1.0, 1.0] | Time: 1.2752819061279297
Result: [0.0, 0.0, 0.0, 0.0, 0.0] | Time: 0.0001900196075439453
Result: [0.0, 0.0, 0.0, 0.0, 0.5] | Time: 2.4435718059539795
Result: [0.0, 1.0, 1.0, 0.5, 0.5] | Time: 1.271294355392456
Result: [-1.0, 0.0, 1.0, 0.0, 0.0] | Time: 1.3970811367034912
Result: [0.0, 1.0, 1.0, 0.5, 0.5] | Time: 1.304114818572998
Result: [-1.0, 0.0, 1.0, 0.0, 0.0] | Time: 1.3158578872680664
Result: [1.0, 1.0, 0.0, 1.0, 1.0] | Time: 1.4086589813232422
Result: [1.0, 1.0, 0.0, 1.0, 1.0] | Time: 1.4146041870117188
Result: [0.0, 0.0, 0.0, 0.0, 0.0] | Time: 0.0002582073211669922
Result: [0.0, 0.0, 0.0, 0.0, 0.5] | Time: 1.2235641479492188
Result: [1.0, 1.0, 0.0, 1.0, 1.0] | Time: 3.335440158843994
Result: [0.0, 1.0, 1.0, 0.5, 0.5] | Time: 1.354201078414917
Result: [0.0, 1.0, 1.0, 0.5, 0.5] | Time: 3.206683874130249
Result: [0.0, 1.0, 1.0, 0.5, 0.5] | Time: 2.246551990509033
Result: [0.0, 1.0, 1.0, 0.5, 0.5] | Time: 2.966409921646118
Result: [0.0, 0.0, 0.0, 0.0, 0.0] | Time: 0.00021409988403320312
Result: [0.0, 0.0, 0.0, 0.0, 0.5] | Time: 0.6383988857269287
Result: [1.0, 1.0, 0.0, 1.0, 1.0] | Time: 0.5429189205169678
Result: [0.0, 0.0, 0.0, 0.0, 0.5] | Time: 1.4541630744934082
Result: [0.0, 1.0, 1.0, 0.5, 0.5] | Time: 1.2670361995697021
Result: [0.0, 1.0, 1.0, 0.5, 0.5] | Time: 1.203273057937622
Result: [0.0, 1.0, 1.0, 0.5, 0.5] | Time: 1.2184247970581055
Result: [-1.0, 0.0, 1.0, 0.0, 0.0] | Time: 1.3939201831817627
Result: [-1.0, 0.0, 1.0, 0.0, 0.0] | Time: 1.2534472942352295
Result: [0.0, 1.0, 1.0, 0.5, 0.5] | Time: 0.7615828514099121
Result: [0.0, 1.0, 1.0, 0.5, 0.5] | Time: 2.1828360557556152
Result: [0.0, 1.0, 1.0, 0.5, 0.5] | Time: 1.4446780681610107
Result: [0.0, 0.0, 0.0, 0.0, 0.0] | Time: 0.00021195411682128906
Result: [0.0, 1.0, 1.0, 0.5, 0.5] | Time: 1.3115673065185547
Result: [-1.0, 0.0, 1.0, 0.0, 0.0] | Time: 1.2551000118255615
Result: [0.0, 0.0, 0.0, 0.0, 0.0] | Time: 0.0001857280731201172
Result: [0.0, 1.0, 1.0, 0.5, 0.5] | Time: 1.44240403175354
Result: [0.0, 1.0, 1.0, 0.5, 0.5] | Time: 1.2111451625823975
Result: [0.0, 0.0, 0.0, 0.0, 0.5] | Time: 0.5412726402282715
Result: [0.0, 1.0, 1.0, 0.5, 0.5] | Time: 1.4426960945129395
Result: [0.0, 0.0, 0.0, 0.0, 0.0] | Time: 0.00025200843811035156
Result: [0.0, 0.0, 0.0, 0.0, 0.0] | Time: 0.00022029876708984375
Result: [0.0, 1.0, 1.0, 0.5, 0.5] | Time: 3.403057813644409
Result: [0.0, 0.0, 0.0, 0.0, 0.5] | Time: 1.2986528873443604
Result: [0.0, 1.0, 1.0, 0.5, 0.5] | Time: 1.5733270645141602
Result: [0.0, 0.0, 0.0, 0.0, 0.0] | Time: 0.0002167224884033203
Result: [0.0, 0.0, 0.0, 0.0, 0.0] | Time: 0.00020766258239746094
Result: [0.0, 0.0, 0.0, 0.0, 0.0] | Time: 0.00020003318786621094
Result: [0.0, 0.0, 0.0, 0.0, 0.0] | Time: 0.00022602081298828125
Result: [0.0, 1.0, 1.0, 0.5, 0.5] | Time: 2.9550483226776123
Result: [-1.0, 0.0, 1.0, 0.0, 0.0] | Time: 3.011573076248169
Result: [0.0, 1.0, 1.0, 0.5, 0.5] | Time: 1.293260097503662
Result: [0.0, 1.0, 1.0, 0.5, 0.5] | Time: 3.3444039821624756
Result: [0.0, 0.0, 0.0, 0.0, 0.0] | Time: 0.00022029876708984375
Result: [0.0, 1.0, 1.0, 0.5, 0.5] | Time: 3.217941999435425
Result: [0.0, 0.0, 0.0, 0.0, 0.0] | Time: 0.0002129077911376953
Result: [0.0, 1.0, 1.0, 0.5, 0.5] | Time: 1.597412109375
Result: [0.0, 0.0, 0.0, 0.0, 0.0] | Time: 0.00018286705017089844
Result: [0.0, 0.0, 0.0, 0.0, 0.5] | Time: 0.46491384506225586
Result: [0.0, 0.0, 0.0, 0.0, 0.5] | Time: 0.4585111141204834
Result: [1.0, 1.0, 0.0, 1.0, 1.0] | Time: 1.288280725479126
Result: [0.0, 1.0, 1.0, 0.5, 0.5] | Time: 1.4015278816223145
Result: [0.0, 0.0, 0.0, 0.0, 0.5] | Time: 0.6128971576690674
Result: [0.0, 0.0, 0.0, 0.0, 0.5] | Time: 0.5300662517547607
Result: [0.0, 0.0, 0.0, 0.0, 0.0] | Time: 0.0001919269561767578
Result: [0.0, 0.0, 0.0, 0.0, 0.0] | Time: 0.00018787384033203125
Result: [0.0, 1.0, 1.0, 0.5, 0.5] | Time: 2.072272300720215
Result: [0.0, 1.0, 1.0, 0.5, 0.5] | Time: 1.1939871311187744
Result: [0.0, 0.0, 0.0, 0.0, 0.5] | Time: 0.5451128482818604
Result: [0.0, 0.0, 0.0, 0.0, 0.5] | Time: 0.6633999347686768
Result: [0.0, 0.0, 0.0, 0.0, 0.5] | Time: 0.5481350421905518
Result: [1.0, 1.0, 0.0, 1.0, 1.0] | Time: 1.2755298614501953
Result: [0.0, 1.0, 1.0, 0.5, 0.5] | Time: 1.2821319103240967
Result: [0.0, 1.0, 1.0, 0.5, 0.5] | Time: 1.288761854171753
Result: [0.0, 1.0, 1.0, 0.5, 0.5] | Time: 1.3259210586547852
Result: [0.0, 1.0, 1.0, 0.5, 0.5] | Time: 2.5233640670776367
Result: [0.0, 0.0, 0.0, 0.0, 0.0] | Time: 0.0002067089080810547
Result: [1.0, 1.0, 0.0, 1.0, 1.0] | Time: 1.3638169765472412
Result: [1.0, 1.0, 0.0, 1.0, 1.0] | Time: 1.2018990516662598
Result: [0.0, 1.0, 1.0, 0.5, 0.5] | Time: 1.453481912612915
Result: [-1.0, 0.0, 1.0, 0.0, 0.0] | Time: 0.6285467147827148
Result: [0.0, 0.0, 0.0, 0.0, 0.0] | Time: 0.00020599365234375
Result: [1.0, 1.0, 0.0, 1.0, 1.0] | Time: 1.2575619220733643
Result: [0.0, 1.0, 1.0, 0.5, 0.5] | Time: 1.252493143081665
Result: [0.0, 0.0, 0.0, 0.0, 0.5] | Time: 2.923788070678711
Result: [0.0, 0.0, 0.0, 0.0, 0.0] | Time: 0.00020194053649902344
tomcat:
Result: [0.0, 1.0, 1.0, 0.3783783783783784, 0.5] | Time: 0.6726598739624023
Result: [0.0, 1.0, 1.0, 0.3783783783783784, 0.5] | Time: 0.6625571250915527
Result: [0.0, 1.0, 1.0, 0.3783783783783784, 0.5] | Time: 0.9276890754699707
Result: [0.0, 1.0, 1.0, 0.3783783783783784, 0.5] | Time: 1.3461329936981201
Result: [-0.04968944099378886, 0.42857142857142855, 0.4782608695652174, 0.35294117647058826, 0.47515527950310554] | Time: 1.3371238708496094
Result: [0.0, 1.0, 1.0, 0.3783783783783784, 0.5] | Time: 1.6992828845977783
Result: [0.0, 1.0, 1.0, 0.6216216216216216, 0.5] | Time: 6.682312965393066
Result: [0.0, 1.0, 1.0, 0.3783783783783784, 0.5] | Time: 0.6858980655670166
Result: [-0.11801242236024845, 0.14285714285714285, 0.2608695652173913, 0.25, 0.4409937888198757] | Time: 1.2627661228179932
Result: [0.0, 0.0, 0.0, 0.0, 0.5] | Time: 6.82924485206604
Result: [0.0, 1.0, 1.0, 0.3783783783783784, 0.5] | Time: 0.6523652076721191
Result: [-0.02795031055900621, 0.9285714285714286, 0.9565217391304348, 0.37142857142857144, 0.4860248447204969] | Time: 1.254216194152832
Result: [-0.012422360248447228, 0.8571428571428571, 0.8695652173913043, 0.375, 0.4937888198757764] | Time: 1.311095952987671
Result: [0.21739130434782605, 1.0, 0.782608695652174, 0.4375, 0.6086956521739131] | Time: 1.347546100616455
Result: [0.27639751552795033, 0.9285714285714286, 0.6521739130434783, 0.4642857142857143, 0.6381987577639752] | Time: 1.4212398529052734
Result: [0.03105590062111796, 0.8571428571428571, 0.8260869565217391, 0.3870967741935484, 0.515527950310559] | Time: 1.4241321086883545
Result: [0.0, 0.0, 0.0, 0.0, 0.5] | Time: 5.021722793579102
Result: [-0.02795031055900621, 0.9285714285714286, 0.9565217391304348, 0.37142857142857144, 0.4860248447204969] | Time: 1.420443058013916
Result: [0.0, 1.0, 1.0, 0.6216216216216216, 0.5] | Time: 8.047904968261719
Result: [-0.0714285714285714, 0.9285714285714286, 1.0, 0.3611111111111111, 0.4642857142857143] | Time: 1.4634511470794678
Result: [-0.15217391304347827, 0.5, 0.6521739130434783, 0.3181818181818182, 0.42391304347826086] | Time: 1.3367359638214111
Result: [0.0, 1.0, 1.0, 0.6216216216216216, 0.5] | Time: 7.062734127044678
Result: [0.018633540372670843, 0.7142857142857143, 0.6956521739130435, 0.38461538461538464, 0.5093167701863355] | Time: 1.3533241748809814
Result: [-0.037267080745341685, 0.5714285714285714, 0.6086956521739131, 0.36363636363636365, 0.48136645962732916] | Time: 0.8752882480621338
Result: [0.0, 1.0, 1.0, 0.3783783783783784, 0.5] | Time: 1.453674077987671
Result: [0.0, 1.0, 1.0, 0.6216216216216216, 0.5] | Time: 7.235137939453125
Result: [0.0, 0.0, 0.0, 0.0, 0.5] | Time: 7.749744892120361
Result: [0.05900621118012428, 0.9285714285714286, 0.8695652173913043, 0.3939393939393939, 0.5295031055900621] | Time: 1.6097068786621094
Result: [-0.08385093167701863, 0.7857142857142857, 0.8695652173913043, 0.3548387096774194, 0.4580745341614907] | Time: 1.337507963180542
Result: [0.0, 1.0, 1.0, 0.3783783783783784, 0.5] | Time: 0.6632733345031738
Result: [0.0, 0.0, 0.0, 0.0, 0.5] | Time: 4.621448993682861
Result: [0.0, 1.0, 1.0, 0.6216216216216216, 0.5] | Time: 7.858103036880493
Result: [0.0, 1.0, 1.0, 0.3783783783783784, 0.5] | Time: 0.785620927810669
Result: [0.018633540372670843, 0.7142857142857143, 0.6956521739130435, 0.38461538461538464, 0.5093167701863355] | Time: 1.5277929306030273
Result: [-0.10248447204968944, 0.07142857142857142, 0.17391304347826086, 0.2, 0.44875776397515527] | Time: 1.2913649082183838
Result: [0.04347826086956519, 1.0, 0.9565217391304348, 0.3888888888888889, 0.5217391304347826] | Time: 1.625075101852417
Result: [0.0, 0.0, 0.0, 0.0, 0.5] | Time: 5.4481201171875
Result: [0.02795031055900621, 0.07142857142857142, 0.043478260869565216, 0.5, 0.5139751552795031] | Time: 0.8613922595977783
Result: [0.08695652173913049, 1.0, 0.9130434782608695, 0.4, 0.5434782608695652] | Time: 1.250615119934082
Result: [-0.015527950310559008, 0.07142857142857142, 0.08695652173913043, 0.3333333333333333, 0.4922360248447205] | Time: 1.2895190715789795
Result: [0.0, 0.0, 0.0, 0.0, 0.5] | Time: 0.6362330913543701
Result: [-0.015527950310559008, 0.07142857142857142, 0.08695652173913043, 0.3333333333333333, 0.4922360248447205] | Time: 1.2602360248565674
Result: [0.14596273291925466, 0.9285714285714286, 0.782608695652174, 0.41935483870967744, 0.5729813664596273] | Time: 1.551335096359253
Result: [0.05900621118012428, 0.9285714285714286, 0.8695652173913043, 0.3939393939393939, 0.5295031055900621] | Time: 1.5571184158325195
Result: [0.11180124223602483, 0.8260869565217391, 0.7142857142857143, 0.6551724137931034, 0.5559006211180124] | Time: 8.004976034164429
Result: [0.04347826086956519, 1.0, 0.9565217391304348, 0.3888888888888889, 0.5217391304347826] | Time: 1.449354887008667
Result: [0.0, 1.0, 1.0, 0.3783783783783784, 0.5] | Time: 0.5627260208129883
Result: [0.0, 1.0, 1.0, 0.3783783783783784, 0.5] | Time: 1.2662529945373535
Result: [0.0, 1.0, 1.0, 0.6216216216216216, 0.5] | Time: 8.420153856277466
Result: [0.0, 1.0, 1.0, 0.6216216216216216, 0.5] | Time: 7.805589199066162
Result: [0.0, 1.0, 1.0, 0.6216216216216216, 0.5] | Time: 8.567199945449829
Result: [0.04347826086956519, 1.0, 0.9565217391304348, 0.3888888888888889, 0.5217391304347826] | Time: 0.8045129776000977
Result: [0.04347826086956519, 1.0, 0.9565217391304348, 0.3888888888888889, 0.5217391304347826] | Time: 1.6307501792907715
Result: [0.0, 1.0, 1.0, 0.3783783783783784, 0.5] | Time: 1.7420029640197754
Result: [0.0, 1.0, 1.0, 0.3783783783783784, 0.5] | Time: 1.079324722290039
Result: [-0.05590062111801242, 0.8571428571428571, 0.9130434782608695, 0.36363636363636365, 0.4720496894409938] | Time: 1.7244751453399658
Result: [0.0, 0.0, 0.0, 0.0, 0.5] | Time: 0.7457118034362793
Result: [-0.09316770186335399, 0.4782608695652174, 0.5714285714285714, 0.5789473684210527, 0.45341614906832295] | Time: 7.29997992515564
Result: [-0.08695652173913043, 0.0, 0.08695652173913043, 0.0, 0.4565217391304348] | Time: 1.729468822479248
Result: [0.0, 1.0, 1.0, 0.3783783783783784, 0.5] | Time: 1.4438676834106445
Result: [0.04037267080745341, 0.21428571428571427, 0.17391304347826086, 0.42857142857142855, 0.5201863354037267] | Time: 1.517655849456787
Result: [0.0, 1.0, 1.0, 0.3783783783783784, 0.5] | Time: 1.4072201251983643
Result: [0.0, 0.0, 0.0, 0.0, 0.5] | Time: 0.6528639793395996
Result: [0.0, 1.0, 1.0, 0.6216216216216216, 0.5] | Time: 7.227541923522949
Result: [0.0496894409937888, 0.5714285714285714, 0.5217391304347826, 0.4, 0.5248447204968943] | Time: 0.8490490913391113
Result: [0.0, 0.0, 0.0, 0.0, 0.5] | Time: 7.7636778354644775
Result: [-0.09006211180124224, 0.6956521739130435, 0.7857142857142857, 0.5925925925925926, 0.4549689440993788] | Time: 7.878165006637573
Result: [0.0, 1.0, 1.0, 0.3783783783783784, 0.5] | Time: 0.7677907943725586
Result: [0.015527950310559091, 0.9285714285714286, 0.9130434782608695, 0.38235294117647056, 0.5077639751552796] | Time: 1.3595640659332275
Result: [0.1645962732919255, 0.6428571428571429, 0.4782608695652174, 0.45, 0.5822981366459627] | Time: 1.5314979553222656
Result: [0.0, 1.0, 1.0, 0.3783783783783784, 0.5] | Time: 1.6190710067749023
Result: [0.0, 1.0, 1.0, 0.3783783783783784, 0.5] | Time: 1.6286849975585938
Result: [-0.024844720496894346, 0.7142857142857143, 0.7391304347826086, 0.37037037037037035, 0.4875776397515529] | Time: 1.0852820873260498
Result: [0.0, 0.0, 0.0, 0.0, 0.5] | Time: 2.1029860973358154
Result: [0.05900621118012428, 0.9285714285714286, 0.8695652173913043, 0.3939393939393939, 0.5295031055900621] | Time: 1.665740966796875
Result: [0.0, 1.0, 1.0, 0.6216216216216216, 0.5] | Time: 9.192311763763428
Result: [0.0, 0.0, 0.0, 0.0, 0.5] | Time: 1.1088309288024902
Result: [-0.043478260869565216, 0.0, 0.043478260869565216, 0.0, 0.4782608695652174] | Time: 1.5280609130859375
Result: [-0.11801242236024845, 0.14285714285714285, 0.2608695652173913, 0.25, 0.4409937888198757] | Time: 1.342829942703247
Result: [-0.07453416149068323, 0.14285714285714285, 0.21739130434782608, 0.2857142857142857, 0.46273291925465837] | Time: 1.2825636863708496
Result: [0.0, 0.0, 0.0, 0.0, 0.5] | Time: 1.2396748065948486
Result: [-0.024844720496894346, 0.7142857142857143, 0.7391304347826086, 0.37037037037037035, 0.4875776397515529] | Time: 0.7649550437927246
Result: [0.0, 0.0, 0.0, 0.0, 0.5] | Time: 8.043648958206177
Result: [0.13043478260869568, 1.0, 0.8695652173913043, 0.4117647058823529, 0.5652173913043479] | Time: 1.6692111492156982
Result: [-0.04658385093167702, 0.21428571428571427, 0.2608695652173913, 0.3333333333333333, 0.4767080745341614] | Time: 1.420896053314209
Result: [-0.10869565217391303, 0.391304347826087, 0.5, 0.5625, 0.44565217391304346] | Time: 8.31066107749939
Result: [0.08695652173913049, 1.0, 0.9130434782608695, 0.4, 0.5434782608695652] | Time: 1.0127489566802979
Result: [0.0, 0.0, 0.0, 0.0, 0.5] | Time: 0.7548322677612305
Result: [0.0, 1.0, 1.0, 0.3783783783783784, 0.5] | Time: 1.7612171173095703
Result: [-0.009316770186335421, 0.34782608695652173, 0.35714285714285715, 0.6153846153846154, 0.49534161490683226] | Time: 8.140475749969482
Result: [0.0, 0.0, 0.0, 0.0, 0.5] | Time: 0.7734510898590088
Result: [-0.043478260869565216, 0.0, 0.043478260869565216, 0.0, 0.4782608695652174] | Time: 0.6934208869934082
Result: [-0.08074534161490687, 0.5714285714285714, 0.6521739130434783, 0.34782608695652173, 0.45962732919254656] | Time: 1.42946195602417
Result: [0.0, 0.0, 0.0, 0.0, 0.5] | Time: 0.7524309158325195
Result: [0.0, 1.0, 1.0, 0.3783783783783784, 0.5] | Time: 0.7058768272399902
Result: [0.0, 1.0, 1.0, 0.3783783783783784, 0.5] | Time: 0.8279821872711182
Result: [0.0, 1.0, 1.0, 0.3783783783783784, 0.5] | Time: 0.7173769474029541
Result: [0.04347826086956519, 1.0, 0.9565217391304348, 0.3888888888888889, 0.5217391304347826] | Time: 1.3492939472198486
Result: [0.0, 1.0, 1.0, 0.3783783783783784, 0.5] | Time: 0.802178144454956
Result: [0.0, 0.0, 0.0, 0.0, 0.5] | Time: 0.9753398895263672
Result: [-0.043478260869565216, 0.0, 0.043478260869565216, 0.0, 0.4782608695652174] | Time: 0.6989092826843262
Result: [0.0, 0.0, 0.0, 0.0, 0.5] | Time: 1.3452439308166504
Result: [0.0, 1.0, 1.0, 0.3783783783783784, 0.5] | Time: 1.5867459774017334
Result: [0.015527950310559091, 0.9285714285714286, 0.9130434782608695, 0.38235294117647056, 0.5077639751552796] | Time: 1.3634979724884033
Result: [0.015527950310559091, 0.9285714285714286, 0.9130434782608695, 0.38235294117647056, 0.5077639751552796] | Time: 1.324949026107788
Result: [0.0, 1.0, 1.0, 0.3783783783783784, 0.5] | Time: 1.6744298934936523
Result: [0.0, 1.0, 1.0, 0.3783783783783784, 0.5] | Time: 0.860468864440918
Result: [0.0, 1.0, 1.0, 0.3783783783783784, 0.5] | Time: 1.4245450496673584
Result: [0.0, 1.0, 1.0, 0.3783783783783784, 0.5] | Time: 1.4361989498138428
Result: [0.0, 1.0, 1.0, 0.3783783783783784, 0.5] | Time: 1.6873059272766113
Result: [-0.012422360248447228, 0.8571428571428571, 0.8695652173913043, 0.375, 0.4937888198757764] | Time: 1.5577819347381592
Result: [-0.09316770186335399, 0.4782608695652174, 0.5714285714285714, 0.5789473684210527, 0.45341614906832295] | Time: 6.176505088806152
Result: [0.04347826086956519, 1.0, 0.9565217391304348, 0.3888888888888889, 0.5217391304347826] | Time: 1.7339303493499756
Result: [0.0, 1.0, 1.0, 0.3783783783783784, 0.5] | Time: 1.6031770706176758
Result: [0.0, 1.0, 1.0, 0.3783783783783784, 0.5] | Time: 1.4666697978973389
Result: [-0.018633540372670843, 0.2857142857142857, 0.30434782608695654, 0.36363636363636365, 0.4906832298136645] | Time: 1.69809889793396
Result: [-0.03416149068322982, 0.35714285714285715, 0.391304347826087, 0.35714285714285715, 0.48291925465838514] | Time: 1.5263547897338867
Result: [0.0, 1.0, 1.0, 0.3783783783783784, 0.5] | Time: 1.7519810199737549
Result: [0.0, 1.0, 1.0, 0.3783783783783784, 0.5] | Time: 0.6577398777008057
Result: [0.0, 1.0, 1.0, 0.6216216216216216, 0.5] | Time: 8.800358057022095
Result: [0.0, 1.0, 1.0, 0.3783783783783784, 0.5] | Time: 0.7569079399108887
Result: [0.0, 1.0, 1.0, 0.3783783783783784, 0.5] | Time: 1.6428930759429932
Result: [-0.05590062111801242, 0.8571428571428571, 0.9130434782608695, 0.36363636363636365, 0.4720496894409938] | Time: 1.4455490112304688
Result: [0.0, 0.0, 0.0, 0.0, 0.5] | Time: 0.8811647891998291
Result: [0.0, 0.0, 0.0, 0.0, 0.5] | Time: 1.5839080810546875
Result: [-0.0714285714285714, 0.9285714285714286, 1.0, 0.3611111111111111, 0.4642857142857143] | Time: 1.5423829555511475
Result: [0.13354037267080743, 0.7857142857142857, 0.6521739130434783, 0.4230769230769231, 0.5667701863354038] | Time: 1.6006367206573486
Result: [0.0, 1.0, 1.0, 0.3783783783783784, 0.5] | Time: 1.0427091121673584
Result: [-0.015527950310559008, 0.07142857142857142, 0.08695652173913043, 0.3333333333333333, 0.4922360248447205] | Time: 1.3567919731140137
Result: [0.006211180124223614, 0.5714285714285714, 0.5652173913043478, 0.38095238095238093, 0.5031055900621118] | Time: 1.3089509010314941
Result: [-0.015527950310559008, 0.07142857142857142, 0.08695652173913043, 0.3333333333333333, 0.4922360248447205] | Time: 1.2515063285827637
Result: [-0.009316770186335366, 0.6428571428571429, 0.6521739130434783, 0.375, 0.49534161490683226] | Time: 1.456691026687622
Result: [0.0, 1.0, 1.0, 0.6216216216216216, 0.5] | Time: 5.457235097885132
Result: [0.0, 1.0, 1.0, 0.3783783783783784, 0.5] | Time: 1.902513027191162
Result: [0.0, 0.0, 0.0, 0.0, 0.5] | Time: 0.7692041397094727
Result: [0.05900621118012428, 0.9285714285714286, 0.8695652173913043, 0.3939393939393939, 0.5295031055900621] | Time: 1.252223014831543
Result: [-0.08385093167701863, 0.7857142857142857, 0.8695652173913043, 0.3548387096774194, 0.4580745341614907] | Time: 1.46785306930542
Result: [0.04347826086956519, 1.0, 0.9565217391304348, 0.3888888888888889, 0.5217391304347826] | Time: 1.2470099925994873
Result: [0.04347826086956519, 1.0, 0.9565217391304348, 0.3888888888888889, 0.5217391304347826] | Time: 1.4597489833831787
Result: [0.0, 1.0, 1.0, 0.6216216216216216, 0.5] | Time: 7.867518901824951
Result: [-0.02795031055900621, 0.9285714285714286, 0.9565217391304348, 0.37142857142857144, 0.4860248447204969] | Time: 1.4150028228759766
Result: [0.0, 0.0, 0.0, 0.0, 0.5] | Time: 0.5877361297607422
Result: [0.0, 1.0, 1.0, 0.6216216216216216, 0.5] | Time: 5.2109761238098145
Result: [-0.021739130434782594, 0.5, 0.5217391304347826, 0.3684210526315789, 0.48913043478260876] | Time: 1.2912771701812744
Result: [0.0, 1.0, 1.0, 0.3783783783783784, 0.5] | Time: 0.5526981353759766
Result: [0.0, 0.0, 0.0, 0.0, 0.5] | Time: 1.1869029998779297
Result: [0.0, 0.0, 0.0, 0.0, 0.5] | Time: 0.8858530521392822
Result: [0.0, 1.0, 1.0, 0.3783783783783784, 0.5] | Time: 0.5975630283355713
Result: [0.0, 1.0, 1.0, 0.6216216216216216, 0.5] | Time: 7.627877950668335
Result: [0.0, 0.0, 0.0, 0.0, 0.5] | Time: 1.3909919261932373
