Result: [0.0, 0.20408163265306123] | 6.588805437088013
Result: [-0.03653846153846155, 0.12389380530973451] | 5.606869697570801
Result: [0.0, 0.20408163265306123] | 5.342789649963379
Result: [0.0, 0.0] | 5.0038368701934814
Result: [0.10384615384615381, 0.2222222222222222] | 5.849428176879883
Result: [0.0, 0.0] | 15.960823059082031
Result: [0.0, 0.0] | 4.524062633514404
Result: [0.0, 0.0] | 12.969802856445312
Result: [0.0, 0.0] | 18.694032192230225
Result: [0.0, 0.20408163265306123] | 4.736616611480713
Result: [0.0, 0.20408163265306123] | 6.50883674621582
Result: [-0.004487179487179485, 0.06779661016949153] | 4.7874791622161865
Result: [0.0, 0.20408163265306123] | 5.057465314865112
Result: [0.0, 0.0] | 5.210788011550903
Result: [0.0, 0.20408163265306123] | 5.077537298202515
Result: [0.3647435897435898, 0.31155778894472363] | 5.050641775131226
Result: [0.31666666666666665, 0.27906976744186046] | 4.718833923339844
Result: [0.11923076923076925, 0.8971061093247589] | 17.707037448883057
Result: [0.0, 0.20408163265306123] | 5.056480646133423
Result: [0.21794871794871795, 0.3333333333333333] | 5.465676546096802
Result: [0.0, 0.20408163265306123] | 5.910687446594238
Result: [0.0, 0.0] | 4.804062366485596
Result: [0.0, 0.0] | 3.7595279216766357
Result: [-0.21217948717948718, 0.017391304347826087] | 4.090704679489136
Result: [0.0, 0.9397590361445783] | 22.347745656967163
Result: [0.0, 0.9397590361445783] | 16.05312943458557
Result: [0.0, 0.0] | 5.571950674057007
Result: [0.0, 0.9397590361445783] | 16.169928550720215
Result: [0.0, 0.20408163265306123] | 5.993759393692017
Result: [0.0, 0.0] | 5.506710767745972
Result: [0.22109956492035523, 0.5066666666666667] | 8.053244352340698
Result: [0.05846607457480857, 0.6134663341645885] | 4.868834733963013
Result: [0.0, 0.0] | 22.571874618530273
Result: [0.23566214807090718, 0.6356164383561644] | 8.074201107025146
Result: [0.18618532235446406, 0.5019011406844106] | 20.35580539703369
Result: [0.0, 0.0] | 19.57658100128174
Result: [0.0, 0.0] | 7.014047622680664
Result: [0.0, 0.5744234800838575] | 27.744531869888306
Result: [0.2134047678975945, 0.6145251396648045] | 7.911891460418701
Result: [-0.010032001725935769, 0.7388059701492538] | 6.972031593322754
Result: [0.22070403797058719, 0.6162464985994398] | 7.789872407913208
Result: [0.19787134587033905, 0.6716417910447762] | 9.12942123413086
Result: [0.0, 0.0] | 7.907391786575317
Result: [0.13962101326813137, 0.7385892116182573] | 7.701375484466553
Result: [0.10387975980727049, 0.6818181818181818] | 7.969153881072998
Result: [0.0, 0.0] | 7.98791766166687
Result: [0.26485922836287795, 0.6426592797783933] | 7.961369037628174
Result: [0.15569379022688867, 0.7152317880794702] | 4.672706842422485
Result: [0.1678112976879652, 0.5095541401273885] | 7.003459453582764
Result: [-0.028657725360468872, 0.08108108108108109] | 8.272911071777344
Result: [0.0, 0.0] | 20.28347897529602
Result: [-0.0071194850958253945, 0.028708133971291867] | 5.4039928913116455
Result: [0.0893890906475855, 0.24896265560165975] | 7.647242069244385
Result: [0.0, 0.0] | 6.028935432434082
Result: [0.14828664916759549, 0.5698630136986301] | 24.1655752658844
Result: [0.07497033547876739, 0.2661290322580645] | 6.920878648757935
Result: [0.0, 0.0] | 6.289186716079712
Result: [0.21703642443637405, 0.5467128027681661] | 22.324156522750854
Result: [0.0, 0.0] | 7.1839985847473145
Result: [0.18388407464672252, 0.44912280701754387] | 7.281687021255493
Result: [0.0, 0.5339966832504146] | 45.103257179260254
Result: [0.0, 0.7773167358229599] | 7.8647401332855225
Result: [0.0, 0.7773167358229599] | 8.44081735610962
Result: [-0.20134391370659355, 0.4444444444444444] | 20.068272590637207
Result: [0.0, 0.5339966832504146] | 30.182912349700928
Result: [0.0, 0.5339966832504146] | 35.56324577331543
Result: [0.0, 0.5339966832504146] | 21.39870309829712
Result: [0.0, 0.0] | 6.07265830039978
Result: [0.0, 0.7773167358229599] | 7.219496965408325
Result: [-0.019141928781415074, 0.5027932960893855] | 43.31507754325867
Result: [0.0, 0.7773167358229599] | 7.30644965171814
Result: [0.0, 0.7773167358229599] | 8.139372110366821
Result: [0.0, 0.7773167358229599] | 8.468621253967285
Result: [0.0, 0.5339966832504146] | 41.09611964225769
Result: [0.0, 0.7773167358229599] | 7.197477340698242
Result: [0.0, 0.7773167358229599] | 9.476258039474487
Result: [0.22307199221944699, 0.47719298245614034] | 41.60879421234131
Result: [0.0, 0.0] | 5.475229740142822
Result: [0.0, 0.7773167358229599] | 8.26117467880249
Result: [0.32083729360535795, 0.7934426229508197] | 11.345848321914673
Result: [0.008023695320616198, 0.5351170568561873] | 42.81099772453308
Result: [0.0, 0.7773167358229599] | 9.42246150970459
Result: [0.0, 0.7773167358229599] | 7.099632740020752
Result: [0.0, 0.5339966832504146] | 17.231192350387573
Result: [0.0, 0.0] | 4.726284742355347
Result: [-0.06204548971066068, 0.046357615894039736] | 5.8858184814453125
Result: [-0.021286001635684445, 0.006993006993006993] | 5.616182088851929
Result: [0.0, 0.0] | 4.9425437450408936
Result: [0.0, 0.5339966832504146] | 25.92951512336731
Result: [0.0, 0.0] | 45.756136655807495
Result: [0.0, 0.0] | 14.016074180603027
Result: [0.0, 0.5029239766081871] | 5.946739435195923
Result: [0.0, 0.7981220657276995] | 14.823561191558838
Result: [0.0, 0.5029239766081871] | 5.834070920944214
Result: [0.0, 0.5029239766081871] | 5.821193695068359
Result: [0.0, 0.0] | 11.745954990386963
Result: [0.0, 0.0] | 5.404577016830444
Result: [0.0, 0.5029239766081871] | 5.682851076126099
Result: [0.0, 0.0] | 10.816633939743042
Result: [0.0, 0.0] | 13.242516994476318
Result: [0.0, 0.5029239766081871] | 5.221878290176392
Result: [0.0, 0.7981220657276995] | 15.557212114334106
Result: [0.0, 0.0] | 12.945261001586914
Result: [0.0, 0.0] | 17.70976686477661
Result: [0.3036935704514364, 0.5619047619047619] | 7.385988712310791
Result: [0.0, 0.5029239766081871] | 5.086996793746948
Result: [-0.01846785225718195, 0.11214953271028037] | 6.672600269317627
Result: [0.0, 0.0] | 4.821765661239624
Result: [0.0, 0.0] | 10.732917070388794
Result: [0.2504787961696307, 0.5422222222222223] | 7.931532621383667
Result: [0.0, 0.0] | 23.550581455230713
Result: [0.0, 0.0] | 5.005148887634277
Result: [0.0, 0.5029239766081871] | 5.199889659881592
Result: [0.0, 0.0] | 5.188094139099121
Result: [0.0, 0.7981220657276995] | 15.576658725738525
Result: [0.0, 0.0] | 21.37091898918152
Result: [0.0, 0.0] | 5.299651622772217
Result: [0.0, 0.5029239766081871] | 4.878459930419922
Result: [0.0, 0.7981220657276995] | 14.353785037994385
Result: [0.0, 0.0] | 11.10379672050476
Result: [0.0, 0.0] | 6.998048543930054
Result: [0.0, 0.0] | 5.879806995391846
Result: [-0.038037018169468584, 0.49169435215946844] | 5.00135064125061
Result: [0.0, 0.0] | 6.065810680389404
Result: [0.0, 0.0] | 5.409183025360107
Result: [0.0, 0.0] | 6.578604698181152
Result: [0.0, 0.0] | 6.275651454925537
Result: [0.0, 0.50814332247557] | 5.210494518280029
Result: [0.0, 0.7947368421052632] | 29.269145727157593
Result: [0.0, 0.0] | 5.244777202606201
Result: [0.0, 0.0] | 5.04900050163269
Result: [0.0, 0.0] | 5.2833030223846436
Result: [0.0, 0.0] | 5.317857980728149
Result: [0.0, 0.7947368421052632] | 20.943161010742188
Result: [0.0, 0.0] | 6.251483917236328
Result: [0.0, 0.0] | 6.278911828994751
Result: [0.0, 0.7947368421052632] | 19.535370588302612
Result: [0.0, 0.7947368421052632] | 13.020869255065918
Result: [0.0, 0.50814332247557] | 4.9993226528167725
Result: [-0.013245033112582738, 0.7883597883597884] | 20.558619022369385
Result: [0.2402784853115979, 0.5471698113207547] | 7.541601657867432
Result: [0.0, 0.0] | 5.288656234741211
Result: [-0.03914077092885038, 0.46387832699619774] | 4.530144691467285
Result: [0.0, 0.0] | 22.2087082862854
Result: [0.0, 0.0] | 5.522327899932861
Result: [0.0, 0.0] | 25.288427114486694
Result: [0.0, 0.0] | 6.171799898147583
Result: [0.0, 0.50814332247557] | 4.339401006698608
Result: [0.0, 0.0] | 16.5124294757843
Result: [0.0, 0.0] | 22.527148723602295
Result: [0.0, 0.3261058109280139] | 14.442604541778564
Result: [0.0, 0.8920780711825488] | 41.352081060409546
Result: [0.0, 0.0] | 6.260838270187378
Result: [0.0, 0.0] | 6.157729864120483
Result: [0.0, 0.0] | 22.42377996444702
Result: [0.03875379939209733, 0.7607950651130911] | 36.987040758132935
Result: [0.0, 0.0] | 24.62094473838806
Result: [0.0, 0.3261058109280139] | 13.949588298797607
Result: [0.0, 0.0] | 16.758849143981934
Result: [0.0, 0.8920780711825488] | 38.68594980239868
Result: [0.0, 0.3261058109280139] | 15.076601028442383
Result: [0.0, 0.0] | 5.604994297027588
Result: [0.0, 0.8920780711825488] | 36.08821940422058
Result: [0.0, 0.8920780711825488] | 43.03935647010803
Result: [-0.004976861359840083, 0.01015228426395939] | 15.8873872756958
Result: [-0.05879131411046304, 0.18223234624145787] | 7.749123811721802
Result: [0.0, 0.8920780711825488] | 38.14616632461548
Result: [0.0, 0.8920780711825488] | 88.1743540763855
Result: [0.1010022180234946, 0.42524271844660194] | 65.05472207069397
Result: [0.014239163175333358, 0.8820093457943925] | 58.25945568084717
Result: [0.0, 0.3261058109280139] | 13.295207023620605
Result: [0.0, 0.3261058109280139] | 14.066819429397583
Result: [0.0, 0.0] | 5.608572959899902
Result: [0.0, 0.0] | 5.949425458908081
Result: [0.0, 0.0] | 6.430314540863037
Result: [0.0, 0.0] | 7.823328495025635
Result: [0.09966729647580708, 0.7711340206185567] | 24.988377332687378
Result: [0.05736739779292971, 0.2807017543859649] | 15.436131238937378
Result: [0.08062241572879875, 0.28322440087145967] | 7.7900824546813965
Result: [0.04597606725266301, 0.8531211750305998] | 24.693594217300415
Result: [0.0, 0.9886947584789312] | 39.27919912338257
Result: [0.0, 0.0] | 6.23993706703186
Result: [-0.004158004158004158, 0.9866117404737385] | 22.727596521377563
Result: [0.0, 0.0437375745526839] | 11.531958818435669
Result: [0.0, 0.0] | 7.304969787597656
Result: [0.0, 0.0] | 5.652106761932373
Result: [0.0, 0.0] | 5.510267496109009
Result: [0.0, 0.0] | 23.901018857955933
Result: [0.0, 0.0] | 14.562175035476685
Result: [0.0, 0.9886947584789312] | 33.01937651634216
Result: [0.0, 0.0] | 6.076905250549316
Result: [0.0, 0.0437375745526839] | 8.839967727661133
Result: [0.0, 0.0] | 48.67615008354187
Result: [0.28557928557928564, 0.8456057007125891] | 22.483344316482544
Result: [0.0, 0.0] | 5.128722667694092
Result: [-0.0020790020790020236, 0.9876543209876543] | 60.310794830322266
Result: [0.0, 0.0] | 22.064780712127686
Result: [0.0, 0.0] | 18.311187982559204
Result: [0.0, 0.0] | 28.266407251358032
Result: [0.0, 0.0] | 18.154846906661987
Result: [0.0, 0.0] | 25.926817655563354
Result: [0.0, 0.0] | 31.07215976715088
Result: [0.1052731052731053, 0.7825] | 19.84779667854309
Result: [0.0, 0.0] | 5.802910327911377
Result: [0.0, 0.9886947584789312] | 20.09121298789978
Result: [0.0, 0.0] | 5.7814247608184814
Result: [0.0, 0.0] | 4.83089017868042
Result: [0.0, 0.0] | 22.80878472328186
Result: [0.0, 0.0] | 6.023590326309204
Result: [0.15309015309015317, 0.8165249088699879] | 21.51520299911499
Result: [0.0, 0.9593908629441624] | 6.045911073684692
Result: [0.0, 0.0] | 3.9351727962493896
Result: [0.0, 0.0] | 28.330397844314575
Result: [0.0, 0.0] | 5.362501621246338
Result: [0.0, 0.14479638009049775] | 13.3141028881073
Result: [0.0, 0.0] | 14.141182899475098
Result: [0.0224867724867725, 0.12698412698412698] | 26.628016471862793
Result: [0.0, 0.0] | 4.673048496246338
Result: [0.0, 0.0] | 11.014866352081299
Result: [0.0, 0.0] | 23.740148544311523
Result: [0.0, 0.9593908629441624] | 5.832581281661987
Result: [0.0, 0.0] | 22.431300163269043
Result: [-0.015873015873015872, 0.0] | 19.918218851089478
Result: [0.0, 0.0] | 25.729714393615723
Result: [0.0, 0.14479638009049775] | 28.659312963485718
Result: [0.0, 0.0] | 21.79534411430359
Result: [0.0, 0.0] | 23.885918378829956
Result: [0.0, 0.0] | 4.188195466995239
Result: [0.0, 0.0] | 3.866572618484497
Result: [0.0, 0.14479638009049775] | 12.744984865188599
Result: [0.0, 0.9593908629441624] | 4.750750780105591
Result: [0.0, 0.0] | 4.087802171707153
Result: [0.0, 0.0] | 13.86575984954834
Result: [0.0, 0.9593908629441624] | 5.127038240432739
Result: [0.0, 0.14479638009049775] | 13.042667150497437
Result: [0.0, 0.0] | 4.109664440155029
Result: [0.0, 0.14479638009049775] | 14.98781418800354
Result: [0.0, 0.9593908629441624] | 5.879568338394165
Result: [0.0, 0.0] | 13.216738939285278
Result: [0.0, 0.0] | 21.508734941482544
Result: [0.0, 0.0] | 7.5256876945495605
Result: [0.0, 0.0] | 8.115994215011597
Result: [0.030674225551731105, 0.025477707006369428] | 67.52045965194702
Result: [0.0, 0.02391304347826087] | 66.72328662872314
Result: [0.0, 0.0] | 16.64774799346924
Result: [0.0, 0.0] | 7.7257585525512695
Result: [0.0, 0.993912562257886] | 14.530378103256226
Result: [0.0, 0.993912562257886] | 13.769185781478882
Result: [0.0011135857461024498, 0.002224694104560623] | 16.910419702529907
Result: [-0.30896942700951613, 0.012924071082390954] | 65.65948724746704
Result: [0.14253897550111358, 0.24951267056530213] | 15.995262861251831
Result: [0.025612472160356347, 0.0499457111834962] | 7.140030384063721
Result: [0.015590200445434299, 0.03070175438596491] | 14.966203927993774
Result: [-0.17240332051022472, 0.017271157167530225] | 66.20711302757263
Result: [0.27768779105082, 0.034013605442176874] | 70.48588943481445
Result: [0.0, 0.02391304347826087] | 24.92402172088623
Result: [0.16481069042316254, 0.02849740932642487] | 67.48655390739441
Result: [0.0, 0.02391304347826087] | 67.56535744667053
Result: [0.0, 0.0] | 16.896463871002197
Result: [0.4855233853006682, 0.045454545454545456] | 68.99081254005432
Result: [0.24387527839643652, 0.39212175470008953] | 8.03843092918396
Result: [0.021158129175946547, 0.04143947655398037] | 16.454725742340088
Result: [0.0, 0.02391304347826087] | 44.05563020706177
Result: [0.0, 0.02391304347826087] | 65.00700807571411
Result: [0.0, 0.0] | 16.02313733100891
Result: [0.0, 0.0] | 7.151667833328247
Result: [0.0, 0.993912562257886] | 15.493117809295654
Result: [0.0, 0.993912562257886] | 13.485471248626709
Result: [0.08908685968819599, 0.16359918200409] | 15.526222705841064
Result: [0.051224944320712694, 0.09745762711864407] | 16.14406442642212
Result: [0.2260899874217649, 0.49169435215946844] | 10.859525918960571
Result: [0.0, 0.0] | 5.913257122039795
Result: [0.0, 0.0] | 5.106019735336304
Result: [0.0, 0.0] | 16.678019046783447
Result: [0.0, 0.0] | 22.911619901657104
Result: [0.0, 0.0] | 16.94823169708252
Result: [0.0, 0.0] | 5.0793328285217285
Result: [0.0, 0.0] | 5.650377988815308
Result: [0.0, 0.0] | 4.626952648162842
Result: [0.307636352614909, 0.6081694402420574] | 9.058010339736938
Result: [0.0, 0.0] | 4.936643362045288
Result: [0.0, 0.0] | 4.419739007949829
Result: [-0.20501007774258573, 0.69327251995439] | 8.841515302658081
Result: [0.0, 0.0] | 5.499658584594727
Result: [0.0, 0.0] | 5.998117208480835
Result: [0.0, 0.0] | 5.4287378787994385
Result: [0.0, 0.0] | 4.524808168411255
Result: [0.0, 0.40866035182679294] | 28.01686120033264
Result: [0.0, 0.8526829268292683] | 10.255622863769531
Result: [0.0, 0.0] | 17.37117862701416
Result: [0.0, 0.8526829268292683] | 7.947028636932373
Result: [0.1250246260627093, 0.2796116504854369] | 10.984785556793213
Result: [0.0, 0.0] | 5.164253234863281
Result: [0.0, 0.0] | 4.681947946548462
Result: [0.0, 0.40866035182679294] | 51.720046520233154
Result: [0.0, 0.0] | 6.153218746185303
Result: [0.0, 0.0] | 4.55272650718689
Result: [0.0, 0.0] | 32.05785918235779
Result: [0.0, 0.0] | 5.806434392929077
Result: [0.0, 0.0] | 35.421778202056885
