ivy:
Result: [0.08333333333333333, 0.05, 0.019230769230769232, 0.25] | Time: 1.8279547691345215
Result: [0.0, 0.0, 0.0, 0.0] | Time: 2.495147943496704
Result: [0.0, 0.0, 0.0, 0.0] | Time: 1.0030779838562012
Result: [0.0, 0.0, 0.0, 0.0] | Time: 1.0030291080474854
Result: [0.0, 0.0, 0.0, 0.0] | Time: 1.050537347793579
Result: [0.0, 0.0, 0.0, 0.0] | Time: 0.9866602420806885
Result: [0.0, 0.0, 0.0, 0.0] | Time: 1.07179594039917
Result: [0.0, 0.0, 0.0, 0.0] | Time: 1.0143132209777832
Result: [0.1746031746031746, 0.55, 0.6089743589743589, 0.10377358490566038] | Time: 1.2084641456604004
Result: [0.20408163265306123, 1.0, 1.0, 0.11363636363636363] | Time: 1.2570419311523438
Result: [0.0, 0.0, 0.0, 0.0] | Time: 1.4060649871826172
Result: [0.13145539906103287, 0.35, 0.5096153846153846, 0.08092485549132948] | Time: 1.0893371105194092
Result: [0.0, 0.0, 0.0, 0.0] | Time: 1.0908081531524658
Result: [0.20408163265306123, 1.0, 1.0, 0.11363636363636363] | Time: 1.299839973449707
Result: [0.20408163265306123, 1.0, 1.0, 0.11363636363636363] | Time: 1.2989091873168945
Result: [0.20408163265306123, 1.0, 1.0, 0.11363636363636363] | Time: 1.2972700595855713
Result: [0.20408163265306123, 1.0, 1.0, 0.11363636363636363] | Time: 1.28535795211792
Result: [0.20408163265306123, 1.0, 1.0, 0.11363636363636363] | Time: 1.2745459079742432
Result: [0.20408163265306123, 1.0, 1.0, 0.11363636363636363] | Time: 1.2779788970947266
Result: [0.20408163265306123, 1.0, 1.0, 0.11363636363636363] | Time: 1.3390991687774658
Result: [0.20408163265306123, 1.0, 1.0, 0.11363636363636363] | Time: 1.323030710220337
Result: [0.20408163265306123, 1.0, 1.0, 0.11363636363636363] | Time: 1.2981741428375244
Result: [0.9397590361445783, 1.0, 1.0, 0.8863636363636364] | Time: 5.262188196182251
Result: [0.917057902973396, 0.9391025641025641, 0.85, 0.8960244648318043] | Time: 5.344900131225586
Result: [0.9333333333333333, 0.9871794871794872, 1.0, 0.8850574712643678] | Time: 5.60896897315979
Result: [0.9393939393939394, 0.9935897435897436, 0.95, 0.8908045977011494] | Time: 5.871827840805054
Result: [0.3989769820971867, 0.25, 0.025, 0.9873417721518988] | Time: 3.8963887691497803
Result: [0.8899835796387521, 0.8685897435897436, 0.65, 0.9124579124579124] | Time: 4.6785569190979
Result: [0.0, 0.0, 0.0, 0.0] | Time: 5.086405277252197
Result: [0.9397590361445783, 1.0, 1.0, 0.8863636363636364] | Time: 3.4688141345977783
lucene:
Result: [0.37542662116040953, 0.270935960591133, 0.25547445255474455, 0.6111111111111112] | Time: 1.0913569927215576
Result: [0.00975609756097561, 0.0049261083743842365, 0.0072992700729927005, 0.5] | Time: 1.0892658233642578
Result: [0.7476979742173112, 1.0, 1.0, 0.5970588235294118] | Time: 1.046064853668213
Result: [0.5617021276595745, 0.9635036496350365, 0.9901477832512315, 0.3963963963963964] | Time: 2.418869972229004
Result: [0.7476979742173112, 1.0, 1.0, 0.5970588235294118] | Time: 1.0377228260040283
Result: [0.7476979742173112, 1.0, 1.0, 0.5970588235294118] | Time: 1.109691858291626
Result: [0.7406015037593985, 0.9704433497536946, 0.9635036496350365, 0.5987841945288754] | Time: 1.1098110675811768
Result: [0.6185567010309279, 0.5911330049261084, 0.4744525547445255, 0.6486486486486487] | Time: 1.0704138278961182
Result: [0.5744234800838575, 1.0, 1.0, 0.40294117647058825] | Time: 2.3265559673309326
Result: [0.7476979742173112, 1.0, 1.0, 0.5970588235294118] | Time: 1.108039140701294
Result: [0.0, 0.0, 0.0, 0.0] | Time: 1.3651819229125977
Result: [0.7476979742173112, 1.0, 1.0, 0.5970588235294118] | Time: 1.1370508670806885
Result: [0.7476979742173112, 1.0, 1.0, 0.5970588235294118] | Time: 1.090507984161377
Result: [0.7476979742173112, 1.0, 1.0, 0.5970588235294118] | Time: 1.1466691493988037
Result: [0.7476979742173112, 1.0, 1.0, 0.5970588235294118] | Time: 1.0830860137939453
Result: [0.7476979742173112, 1.0, 1.0, 0.5970588235294118] | Time: 1.176548957824707
Result: [0.7490774907749077, 1.0, 0.9927007299270073, 0.5988200589970502] | Time: 1.0989179611206055
Result: [0.0944206008583691, 0.054187192118226604, 0.1386861313868613, 0.36666666666666664] | Time: 1.0956239700317383
Result: [0.5950920245398773, 0.47783251231527096, 0.1897810218978102, 0.7886178861788617] | Time: 1.129122018814087
Result: [0.7476979742173112, 1.0, 1.0, 0.5970588235294118] | Time: 1.0877668857574463
Result: [0.7476979742173112, 1.0, 1.0, 0.5970588235294118] | Time: 1.1106600761413574
Result: [0.7476979742173112, 1.0, 1.0, 0.5970588235294118] | Time: 1.0980749130249023
Result: [0.7476979742173112, 1.0, 1.0, 0.5970588235294118] | Time: 1.0642931461334229
Result: [0.6939655172413793, 0.7931034482758621, 0.7299270072992701, 0.6168582375478927] | Time: 1.083094835281372
Result: [0.7476979742173112, 1.0, 1.0, 0.5970588235294118] | Time: 1.1282989978790283
Result: [0.7476979742173112, 1.0, 1.0, 0.5970588235294118] | Time: 1.1155130863189697
Result: [0.5744234800838575, 1.0, 1.0, 0.40294117647058825] | Time: 2.814410924911499
Result: [0.5744234800838575, 1.0, 1.0, 0.40294117647058825] | Time: 2.6736581325531006
Result: [0.6098901098901099, 0.5467980295566502, 0.36496350364963503, 0.6894409937888198] | Time: 1.065129041671753
Result: [0.7261904761904762, 0.9014778325123153, 0.8613138686131386, 0.6079734219269103] | Time: 1.0955612659454346
poi:
Result: [0.0, 0.0, 0.0, 0.0] | Time: 1.2025549411773682
Result: [0.0, 0.0, 0.0, 0.0] | Time: 1.1578559875488281
Result: [0.0, 0.0, 0.0, 0.0] | Time: 2.6629481315612793
Result: [0.0, 0.0, 0.0, 0.0] | Time: 1.2315609455108643
Result: [0.0, 0.0, 0.0, 0.0] | Time: 1.2092621326446533
Result: [0.0, 0.0, 0.0, 0.0] | Time: 1.2566149234771729
Result: [0.0, 0.0, 0.0, 0.0] | Time: 6.451941251754761
Result: [0.5339966832504146, 1.0, 1.0, 0.36425339366515835] | Time: 7.882590293884277
Result: [0.0, 0.0, 0.0, 0.0] | Time: 1.2571477890014648
Result: [0.0, 0.0, 0.0, 0.0] | Time: 2.8928110599517822
Result: [0.5339966832504146, 1.0, 1.0, 0.36425339366515835] | Time: 7.10014009475708
Result: [0.5339966832504146, 1.0, 1.0, 0.36425339366515835] | Time: 4.866240978240967
Result: [0.5339966832504146, 1.0, 1.0, 0.36425339366515835] | Time: 5.413109064102173
Result: [0.5339966832504146, 1.0, 1.0, 0.36425339366515835] | Time: 5.627501964569092
Result: [0.7363494539781591, 0.8398576512455516, 0.7701863354037267, 0.6555555555555556] | Time: 2.2484841346740723
Result: [0.6086956521739131, 0.5231316725978647, 0.3416149068322981, 0.7277227722772277] | Time: 2.2202417850494385
Result: [0.5281090289608177, 0.9627329192546584, 0.9644128113879004, 0.36384976525821594] | Time: 6.504773855209351
Result: [0.5843621399176955, 0.505338078291815, 0.391304347826087, 0.6926829268292682] | Time: 2.275895118713379
Result: [0.0, 0.0, 0.0, 0.0] | Time: 2.208613872528076
Result: [0.7773167358229599, 1.0, 1.0, 0.6357466063348416] | Time: 1.7639529705047607
Result: [0.7773167358229599, 1.0, 1.0, 0.6357466063348416] | Time: 1.8596978187561035
Result: [0.7773167358229599, 1.0, 1.0, 0.6357466063348416] | Time: 1.6987721920013428
Result: [0.7773167358229599, 1.0, 1.0, 0.6357466063348416] | Time: 1.742725133895874
Result: [0.7773167358229599, 1.0, 1.0, 0.6357466063348416] | Time: 1.6798222064971924
Result: [0.7773167358229599, 1.0, 1.0, 0.6357466063348416] | Time: 1.8599019050598145
Result: [0.7773167358229599, 1.0, 1.0, 0.6357466063348416] | Time: 1.8112962245941162
Result: [0.7773167358229599, 1.0, 1.0, 0.6357466063348416] | Time: 1.745582103729248
Result: [0.7773167358229599, 1.0, 1.0, 0.6357466063348416] | Time: 1.7000741958618164
Result: [0.5339966832504146, 1.0, 1.0, 0.36425339366515835] | Time: 5.155599117279053
Result: [0.7773167358229599, 1.0, 1.0, 0.6357466063348416] | Time: 1.732475757598877
synapse:
Result: [0.0, 0.0, 0.0, 0.0] | Time: 1.04262113571167
Result: [0.7981220657276995, 1.0, 1.0, 0.6640625] | Time: 3.252124786376953
Result: [0.0, 0.0, 0.0, 0.0] | Time: 1.0178661346435547
Result: [0.0, 0.0, 0.0, 0.0] | Time: 4.220289945602417
Result: [0.4423076923076923, 0.8023255813953488, 0.9235294117647059, 0.3053097345132743] | Time: 1.26283597946167
Result: [0.0, 0.0, 0.0, 0.0] | Time: 3.9314911365509033
Result: [0.0, 0.0, 0.0, 0.0] | Time: 1.0537710189819336
Result: [0.0, 0.0, 0.0, 0.0] | Time: 1.1678318977355957
Result: [0.0, 0.0, 0.0, 0.0] | Time: 2.4742939472198486
Result: [0.5029239766081871, 1.0, 1.0, 0.3359375] | Time: 1.1451289653778076
Result: [0.5029239766081871, 1.0, 1.0, 0.3359375] | Time: 1.3340437412261963
Result: [0.7981220657276995, 1.0, 1.0, 0.6640625] | Time: 3.2295279502868652
Result: [0.7981220657276995, 1.0, 1.0, 0.6640625] | Time: 5.5981199741363525
Result: [0.7981220657276995, 1.0, 1.0, 0.6640625] | Time: 4.924808979034424
Result: [0.7981220657276995, 1.0, 1.0, 0.6640625] | Time: 3.808561086654663
Result: [0.5029239766081871, 1.0, 1.0, 0.3359375] | Time: 1.3861291408538818
Result: [0.7981220657276995, 1.0, 1.0, 0.6640625] | Time: 3.669090986251831
Result: [0.7981220657276995, 1.0, 1.0, 0.6640625] | Time: 4.989668846130371
Result: [0.7981220657276995, 1.0, 1.0, 0.6640625] | Time: 3.584287166595459
Result: [0.5029239766081871, 1.0, 1.0, 0.3359375] | Time: 1.3779230117797852
Result: [0.7981220657276995, 1.0, 1.0, 0.6640625] | Time: 4.94763708114624
Result: [0.3157894736842105, 0.20930232558139536, 0.058823529411764705, 0.6428571428571429] | Time: 1.184297800064087
Result: [0.7981220657276995, 1.0, 1.0, 0.6640625] | Time: 3.8188490867614746
Result: [0.5029239766081871, 1.0, 1.0, 0.3359375] | Time: 1.3648040294647217
Result: [0.0, 0.0, 0.0, 0.0] | Time: 1.5489249229431152
Result: [0.0, 0.0, 0.0, 0.0] | Time: 1.1268789768218994
Result: [0.5029239766081871, 1.0, 1.0, 0.3359375] | Time: 1.3150551319122314
Result: [0.7981220657276995, 1.0, 1.0, 0.6640625] | Time: 4.75117301940918
Result: [0.7313432835820896, 0.8647058823529412, 0.9883720930232558, 0.6336206896551724] | Time: 2.607944965362549
Result: [0.6707317073170732, 0.6470588235294118, 0.5581395348837209, 0.6962025316455697] | Time: 2.6998658180236816
velocity:
Result: [0.0, 0.0, 0.0, 0.0] | Time: 1.3845758438110352
Result: [0.50814332247557, 1.0, 1.0, 0.3406113537117904] | Time: 1.1050848960876465
Result: [0.50814332247557, 1.0, 1.0, 0.3406113537117904] | Time: 1.168071985244751
Result: [0.50814332247557, 1.0, 1.0, 0.3406113537117904] | Time: 1.0589408874511719
Result: [0.024390243902439025, 0.01282051282051282, 0.019867549668874173, 0.25] | Time: 1.466832160949707
Result: [0.50814332247557, 1.0, 1.0, 0.3406113537117904] | Time: 1.046525001525879
Result: [0.7947368421052632, 1.0, 1.0, 0.6593886462882096] | Time: 3.074655294418335
Result: [0.50814332247557, 1.0, 1.0, 0.3406113537117904] | Time: 1.2269649505615234
Result: [0.40718562874251496, 0.4358974358974359, 0.36423841059602646, 0.38202247191011235] | Time: 1.3176426887512207
Result: [0.50814332247557, 1.0, 1.0, 0.3406113537117904] | Time: 1.4265398979187012
Result: [0.7947368421052632, 1.0, 1.0, 0.6593886462882096] | Time: 3.4093520641326904
Result: [0.7947368421052632, 1.0, 1.0, 0.6593886462882096] | Time: 3.840269088745117
Result: [0.7947368421052632, 1.0, 1.0, 0.6593886462882096] | Time: 3.4076988697052
Result: [0.7947368421052632, 1.0, 1.0, 0.6593886462882096] | Time: 6.756701946258545
Result: [0.7947368421052632, 1.0, 1.0, 0.6593886462882096] | Time: 6.061227083206177
Result: [0.7947368421052632, 1.0, 1.0, 0.6593886462882096] | Time: 2.78910493850708
Result: [0.7947368421052632, 1.0, 1.0, 0.6593886462882096] | Time: 4.179026126861572
Result: [0.7947368421052632, 1.0, 1.0, 0.6593886462882096] | Time: 4.5879597663879395
Result: [0.7947368421052632, 1.0, 1.0, 0.6593886462882096] | Time: 3.0198299884796143
Result: [0.07643312101910828, 0.039735099337748346, 0.0, 1.0] | Time: 6.181534051895142
Result: [0.7947368421052632, 1.0, 1.0, 0.6593886462882096] | Time: 3.042551040649414
Result: [0.7947368421052632, 1.0, 1.0, 0.6593886462882096] | Time: 2.8661820888519287
Result: [0.0, 0.0, 0.0, 0.0] | Time: 5.6596150398254395
Result: [0.037267080745341616, 0.019867549668874173, 0.08974358974358974, 0.3] | Time: 3.1700191497802734
Result: [0.7947368421052632, 1.0, 1.0, 0.6593886462882096] | Time: 2.616234064102173
Result: [0.3048780487804878, 0.32051282051282054, 0.40397350993377484, 0.29069767441860467] | Time: 1.1681883335113525
Result: [0.7947368421052632, 1.0, 1.0, 0.6593886462882096] | Time: 2.9271717071533203
Result: [0.7947368421052632, 1.0, 1.0, 0.6593886462882096] | Time: 2.8935110569000244
Result: [0.7947368421052632, 1.0, 1.0, 0.6593886462882096] | Time: 2.824608564376831
Result: [0.7947368421052632, 1.0, 1.0, 0.6593886462882096] | Time: 2.710374116897583
camel:
Result: [0.3261058109280139, 1.0, 1.0, 0.19481865284974093] | Time: 2.4048309326171875
Result: [0.0, 0.0, 0.0, 0.0] | Time: 5.322215795516968
Result: [0.0, 0.0, 0.0, 0.0] | Time: 1.3524501323699951
Result: [0.0, 0.0, 0.0, 0.0] | Time: 3.8860979080200195
Result: [0.0, 0.0, 0.0, 0.0] | Time: 1.4316070079803467
Result: [0.3261058109280139, 1.0, 1.0, 0.19481865284974093] | Time: 2.6601128578186035
Result: [0.3261058109280139, 1.0, 1.0, 0.19481865284974093] | Time: 2.557921886444092
Result: [0.3261058109280139, 1.0, 1.0, 0.19481865284974093] | Time: 2.606356143951416
Result: [0.0, 0.0, 0.0, 0.0] | Time: 1.3707220554351807
Result: [0.3261058109280139, 1.0, 1.0, 0.19481865284974093] | Time: 2.3677241802215576
Result: [0.3261058109280139, 1.0, 1.0, 0.19481865284974093] | Time: 2.3844220638275146
Result: [0.3261058109280139, 1.0, 1.0, 0.19481865284974093] | Time: 2.4498486518859863
Result: [0.0, 0.0, 0.0, 0.0] | Time: 3.292358160018921
Result: [0.3261058109280139, 1.0, 1.0, 0.19481865284974093] | Time: 2.506547212600708
Result: [0.3261058109280139, 1.0, 1.0, 0.19481865284974093] | Time: 2.4834039211273193
Result: [0.3261058109280139, 1.0, 1.0, 0.19481865284974093] | Time: 2.50897216796875
Result: [0.3261058109280139, 1.0, 1.0, 0.19481865284974093] | Time: 2.497947931289673
Result: [0.3261058109280139, 1.0, 1.0, 0.19481865284974093] | Time: 2.5165998935699463
Result: [0.8920780711825488, 1.0, 1.0, 0.805181347150259] | Time: 7.898228883743286
Result: [0.8920780711825488, 1.0, 1.0, 0.805181347150259] | Time: 8.143025875091553
Result: [0.8920780711825488, 1.0, 1.0, 0.805181347150259] | Time: 15.321777105331421
Result: [0.8920780711825488, 1.0, 1.0, 0.805181347150259] | Time: 10.43174695968628
Result: [0.8920780711825488, 1.0, 1.0, 0.805181347150259] | Time: 8.075932264328003
Result: [0.8920780711825488, 1.0, 1.0, 0.805181347150259] | Time: 12.80911898612976
Result: [0.8026490066225166, 0.7799227799227799, 0.675531914893617, 0.8267394270122783] | Time: 10.92697286605835
Result: [0.8920780711825488, 1.0, 1.0, 0.805181347150259] | Time: 14.467740774154663
Result: [0.8105960264900662, 0.7876447876447876, 0.6436170212765957, 0.834924965893588] | Time: 10.579958200454712
Result: [0.0, 0.0, 0.0, 0.0] | Time: 11.492540121078491
Result: [0.8920780711825488, 1.0, 1.0, 0.805181347150259] | Time: 10.410875082015991
Result: [0.0, 0.0, 0.0, 0.0] | Time: 5.30850625038147
jedit:
Result: [0.0, 0.0, 0.0, 0.0] | Time: 1.3354289531707764
Result: [0.0, 0.0, 0.0, 0.0] | Time: 1.3031749725341797
Result: [0.0, 0.0, 0.0, 0.0] | Time: 1.3174710273742676
Result: [0.0, 0.0, 0.0, 0.0] | Time: 1.4009108543395996
Result: [0.0, 0.0, 0.0, 0.0] | Time: 1.3598880767822266
Result: [0.0, 0.0, 0.0, 0.0] | Time: 1.2419981956481934
Result: [0.0, 0.0, 0.004158004158004158, 0.0] | Time: 2.821713924407959
Result: [0.0, 0.0, 0.0, 0.0] | Time: 2.7907657623291016
Result: [0.0502092050209205, 0.5454545454545454, 0.46153846153846156, 0.02631578947368421] | Time: 1.5128090381622314
Result: [0.0437375745526839, 1.0, 1.0, 0.022357723577235773] | Time: 2.0596678256988525
Result: [0.9886947584789312, 1.0, 1.0, 0.9776422764227642] | Time: 6.588193655014038
Result: [0.9886947584789312, 1.0, 1.0, 0.9776422764227642] | Time: 6.75384521484375
Result: [0.0, 0.0, 0.0, 0.0] | Time: 3.521946907043457
Result: [0.9886947584789312, 1.0, 1.0, 0.9776422764227642] | Time: 11.9356529712677
Result: [0.9886947584789312, 1.0, 1.0, 0.9776422764227642] | Time: 7.015079021453857
Result: [0.9886947584789312, 1.0, 1.0, 0.9776422764227642] | Time: 9.411189079284668
Result: [0.9886947584789312, 1.0, 1.0, 0.9776422764227642] | Time: 7.131205797195435
Result: [0.9886947584789312, 1.0, 1.0, 0.9776422764227642] | Time: 11.319210052490234
Result: [0.9886947584789312, 1.0, 1.0, 0.9776422764227642] | Time: 9.576361894607544
Result: [0.9886947584789312, 1.0, 1.0, 0.9776422764227642] | Time: 7.285856008529663
Result: [0.9886947584789312, 1.0, 1.0, 0.9776422764227642] | Time: 7.181031942367554
Result: [0.9886947584789312, 1.0, 1.0, 0.9776422764227642] | Time: 7.1463000774383545
Result: [0.9326086956521739, 0.8918918918918919, 0.9090909090909091, 0.9772209567198178] | Time: 8.918684005737305
Result: [0.9781931464174455, 0.9792099792099792, 1.0, 0.9771784232365145] | Time: 8.978392124176025
Result: [0.7057256990679095, 0.5509355509355509, 0.45454545454545453, 0.9814814814814815] | Time: 9.034414052963257
Result: [0.9254385964912281, 0.8773388773388774, 0.8181818181818182, 0.9791183294663574] | Time: 9.582550764083862
Result: [0.9886947584789312, 1.0, 1.0, 0.9776422764227642] | Time: 12.962759017944336
Result: [0.9886947584789312, 1.0, 1.0, 0.9776422764227642] | Time: 8.87504267692566
Result: [0.9886947584789312, 1.0, 1.0, 0.9776422764227642] | Time: 11.977771043777466
Result: [0.9886947584789312, 1.0, 1.0, 0.9776422764227642] | Time: 13.183544874191284
log4j:
Result: [0.0, 0.0, 0.0, 0.0] | Time: 1.138566017150879
Result: [0.9593908629441624, 1.0, 1.0, 0.9219512195121952] | Time: 1.1775181293487549
Result: [0.0, 0.0, 0.0, 0.0] | Time: 0.985231876373291
Result: [0.0, 0.0, 0.0, 0.0] | Time: 1.046454906463623
Result: [0.0, 0.0, 0.0, 0.0] | Time: 1.0981769561767578
Result: [0.0, 0.0, 0.0, 0.0] | Time: 1.13690185546875
Result: [0.0, 0.0, 0.0, 0.0] | Time: 2.6196463108062744
Result: [0.0, 0.0, 0.0, 0.0] | Time: 1.054703950881958
Result: [0.14479638009049775, 1.0, 1.0, 0.07804878048780488] | Time: 6.707870006561279
Result: [0.05154639175257732, 0.026455026455026454, 0.0, 1.0] | Time: 1.1202280521392822
Result: [0.314410480349345, 0.19047619047619047, 0.25, 0.9] | Time: 1.2543222904205322
Result: [0.9593908629441624, 1.0, 1.0, 0.9219512195121952] | Time: 1.2068288326263428
Result: [0.9593908629441624, 1.0, 1.0, 0.9219512195121952] | Time: 1.2056422233581543
Result: [0.9593908629441624, 1.0, 1.0, 0.9219512195121952] | Time: 1.2080309391021729
Result: [0.9593908629441624, 1.0, 1.0, 0.9219512195121952] | Time: 1.1791770458221436
Result: [0.9593908629441624, 1.0, 1.0, 0.9219512195121952] | Time: 1.1972360610961914
Result: [0.9593908629441624, 1.0, 1.0, 0.9219512195121952] | Time: 1.1828539371490479
Result: [0.9593908629441624, 1.0, 1.0, 0.9219512195121952] | Time: 1.2416119575500488
Result: [0.9593908629441624, 1.0, 1.0, 0.9219512195121952] | Time: 1.1809468269348145
Result: [0.9593908629441624, 1.0, 1.0, 0.9219512195121952] | Time: 1.2478749752044678
Result: [0.9593908629441624, 1.0, 1.0, 0.9219512195121952] | Time: 1.2414939403533936
Result: [0.18181818181818182, 0.10052910052910052, 0.0625, 0.95] | Time: 1.279681921005249
Result: [0.14479638009049775, 1.0, 1.0, 0.07804878048780488] | Time: 3.202446699142456
Result: [0.9593908629441624, 1.0, 1.0, 0.9219512195121952] | Time: 1.1893250942230225
Result: [0.9593908629441624, 1.0, 1.0, 0.9219512195121952] | Time: 1.197767972946167
Result: [0.9593908629441624, 1.0, 1.0, 0.9219512195121952] | Time: 1.162381887435913
Result: [0.9593908629441624, 1.0, 1.0, 0.9219512195121952] | Time: 1.2072770595550537
Result: [0.9593908629441624, 1.0, 1.0, 0.9219512195121952] | Time: 1.284609079360962
Result: [0.9593908629441624, 1.0, 1.0, 0.9219512195121952] | Time: 1.2572259902954102
Result: [0.9593908629441624, 1.0, 1.0, 0.9219512195121952] | Time: 1.2242941856384277
xalan:
Result: [0.0, 0.0, 0.0, 0.0] | Time: 1.6571078300476074
Result: [0.0, 0.0, 0.0, 0.0] | Time: 1.4468140602111816
Result: [0.0, 0.0, 0.0, 0.0] | Time: 1.5853493213653564
Result: [0.0, 0.0, 0.0, 0.0] | Time: 1.572627067565918
Result: [0.0, 0.0, 0.0, 0.0] | Time: 1.706028938293457
Result: [0.993912562257886, 1.0, 1.0, 0.9878987898789879] | Time: 2.514143943786621
Result: [0.0, 0.0, 0.0, 0.0] | Time: 1.5802628993988037
Result: [0.0, 0.0, 0.0, 0.0] | Time: 1.550624132156372
Result: [0.0, 0.0, 0.0, 0.0] | Time: 1.6577258110046387
Result: [0.0, 0.0, 0.0, 0.0] | Time: 4.509960889816284
Result: [0.993912562257886, 1.0, 1.0, 0.9878987898789879] | Time: 2.653198003768921
Result: [0.993912562257886, 1.0, 1.0, 0.9878987898789879] | Time: 2.766296863555908
Result: [0.993912562257886, 1.0, 1.0, 0.9878987898789879] | Time: 2.6500229835510254
Result: [0.993912562257886, 1.0, 1.0, 0.9878987898789879] | Time: 2.6474359035491943
Result: [0.993912562257886, 1.0, 1.0, 0.9878987898789879] | Time: 2.6647469997406006
Result: [0.993912562257886, 1.0, 1.0, 0.9878987898789879] | Time: 2.5080840587615967
Result: [0.993912562257886, 1.0, 1.0, 0.9878987898789879] | Time: 2.577831983566284
Result: [0.993912562257886, 1.0, 1.0, 0.9878987898789879] | Time: 2.6114768981933594
Result: [0.9757746478873239, 0.9643652561247216, 1.0, 0.9874572405929305] | Time: 2.7335948944091797
Result: [0.02391304347826087, 1.0, 1.0, 0.0121012101210121] | Time: 14.044538021087646
Result: [0.0, 0.0, 0.0, 0.0] | Time: 3.7910380363464355
Result: [0.993912562257886, 1.0, 1.0, 0.9878987898789879] | Time: 2.724388837814331
Result: [0.993912562257886, 1.0, 1.0, 0.9878987898789879] | Time: 2.65415620803833
Result: [0.993912562257886, 1.0, 1.0, 0.9878987898789879] | Time: 2.5479910373687744
Result: [0.993912562257886, 1.0, 1.0, 0.9878987898789879] | Time: 2.5608577728271484
Result: [0.8265107212475633, 0.7082405345211581, 0.45454545454545453, 0.9921996879875195] | Time: 2.5982577800750732
Result: [0.993912562257886, 1.0, 1.0, 0.9878987898789879] | Time: 2.5746660232543945
Result: [0.993912562257886, 1.0, 1.0, 0.9878987898789879] | Time: 2.771336078643799
Result: [0.993912562257886, 1.0, 1.0, 0.9878987898789879] | Time: 2.862028121948242
Result: [0.993912562257886, 1.0, 1.0, 0.9878987898789879] | Time: 2.5434508323669434
xerces:
Result: [0.0, 0.0, 0.0, 0.0] | Time: 1.300534963607788
Result: [0.0, 0.0, 0.0, 0.0] | Time: 1.2062709331512451
Result: [0.0, 0.0, 0.0, 0.0] | Time: 1.1355490684509277
Result: [0.7958950969213227, 0.7986270022883295, 0.6026490066225165, 0.7931818181818182] | Time: 1.3033618927001953
Result: [0.0, 0.0, 0.0, 0.0] | Time: 1.2776069641113281
Result: [0.0, 0.0, 0.0, 0.0] | Time: 1.2038698196411133
Result: [0.13524590163934427, 0.07551487414187644, 0.11920529801324503, 0.6470588235294118] | Time: 1.36238694190979
Result: [0.0, 0.0, 0.0, 0.0] | Time: 1.5169408321380615
Result: [0.009111617312072893, 0.004576659038901602, 0.0, 1.0] | Time: 1.292957067489624
Result: [0.8526829268292683, 1.0, 1.0, 0.7431972789115646] | Time: 1.7827317714691162
Result: [0.0, 0.0, 0.0, 0.0] | Time: 1.3782119750976562
Result: [0.8526829268292683, 1.0, 1.0, 0.7431972789115646] | Time: 1.8561668395996094
Result: [0.8526829268292683, 1.0, 1.0, 0.7431972789115646] | Time: 1.7861711978912354
Result: [0.8526829268292683, 1.0, 1.0, 0.7431972789115646] | Time: 1.7943730354309082
Result: [0.8526829268292683, 1.0, 1.0, 0.7431972789115646] | Time: 1.8385460376739502
Result: [0.6106194690265486, 0.47368421052631576, 0.2251655629139073, 0.8589211618257261] | Time: 1.361079216003418
Result: [0.8526829268292683, 1.0, 1.0, 0.7431972789115646] | Time: 1.731628656387329
Result: [0.8526829268292683, 1.0, 1.0, 0.7431972789115646] | Time: 1.8878839015960693
Result: [0.7399347116430903, 0.7780320366132724, 0.9403973509933775, 0.7053941908713693] | Time: 2.2490081787109375
Result: [0.40866035182679294, 1.0, 1.0, 0.2568027210884354] | Time: 6.236638069152832
Result: [0.8526829268292683, 1.0, 1.0, 0.7431972789115646] | Time: 1.8027617931365967
Result: [0.8526829268292683, 1.0, 1.0, 0.7431972789115646] | Time: 1.7481858730316162
Result: [0.8526829268292683, 1.0, 1.0, 0.7431972789115646] | Time: 1.8895211219787598
Result: [0.8526829268292683, 1.0, 1.0, 0.7431972789115646] | Time: 1.949958086013794
Result: [0.8526829268292683, 1.0, 1.0, 0.7431972789115646] | Time: 1.967522144317627
Result: [0.8526829268292683, 1.0, 1.0, 0.7431972789115646] | Time: 1.9482192993164062
Result: [0.4629294755877034, 0.847682119205298, 0.6270022883295194, 0.31840796019900497] | Time: 4.167623996734619
Result: [0.8526829268292683, 1.0, 1.0, 0.7431972789115646] | Time: 1.8374061584472656
Result: [0.8526829268292683, 1.0, 1.0, 0.7431972789115646] | Time: 1.843428134918213
Result: [0.7514450867052023, 0.7437070938215103, 0.6821192052980133, 0.7593457943925234] | Time: 2.3610928058624268
